#
#
#
01000010000101010100001100100001
00100000000100000000001000010000
01010100001100010000001100101110
01000010000101010100001100100001
00100000000100000000001000010000
01010100001100010000001100101110
01000010000101010100001100100001
00100000000100000000001000010000
01010100001100010000001100101110
01000010000101010100001100100001
00100000000100000000001000010000
01010100001100010000001100101110
01000010000101010100001100100001
00100000000100000000001000010000
01010100001100010000001100101110
10010110010101000011000100000000
00000000000010011010101110001000
10011000011001010100001100100001
01000010000101010100001100100001
00100000000100000000001000010000
01010100001100010000001100101110
01000010000101010100001100100001
00100000000100000000001000010000
01010100001100010000001100101110
01000010000101010100001100100001
00100000000100000000001000010000
01010100001100010000001100101110
01000010000101010100001100100001
00100000000100000000001000010000
01010100001100010000001100101110
01000010000101010100001100100001
00100000000100000000001000010000
01010100001100010000001100101110
10010110010101000011000100000000
00000000000010011010101110001000
10011000011001010100001100100001
