#####
#####
#####
00000000000000000000000000000000
00000000000000000000000000000000
00000000000000000000000000000000
00000000000000000000000000000000
00000000000000000000000000000000
00000000000000000000000000000000
00000000000000000000000000000000
00000000000000000000000000000000
00000000000000000000000000000000
00000000000000000000000000000000
00000000000000000000000000000000
00000000000000000000000000000000
00000000000000000000000000000000
00000000000000000000000000000000
00000000000000000000000000000000
00000000000000000000000000000000
00000000000000000000000000000000
00000000000000000000000000000000
00000000000000000000000000000000
00000000000000000000000000000000
00000000000000000000000000000000
00000000000000000000000000000000
00000000000000000000000000000000
00000000000000000000000000000000
00000000000000000000000000000000
00000000000000000000000000000000
00000000000000000000000000000000
00000000000000000000000000000000
00000000000000000000000000000000
00000000000000000000000000000000
00000000000000000000000000000000
00000000000000000000000000000000
00000000000000000000000000000000
00000000000000000000000000000000
00000000000000000000000000000000
00000000000101100000100101000100
00000000001100100001111100010011
00000000000001000010111001100000
00000000001000110001111100110011
00000000010000110000111100100001
00000000011000110000111100000100
00000000000101010011111101000010
00000000010001000000111100100010
00000000001101000010111100100100
00000000001000110001111100110001
00000000000001000000111101000010
00000000000101000000111101000001
00000000010100110000111100000010
00000000010000110000111100010010
00000000001100110001111100110010
00000000000001000010111101010001
00000000001000110000111100110010
00000000001000100000111100100001
00000000000101000000111101000000
00000000000101000000111100110001
00000000001001000000111100100000
00000000001000110000111100100000
00000000001000110000111100110000
00000000010000100000111100010000
00000000001001000000111100110000
00000000011100110000111100000001
00000000011001010000111100000010
00000000010101010000111100010010
00000000010001010001111100010010
00000000001101010001111100100011
00000000010101100000111100000010
00000000100000000000111100000101
00000000000000000000000000000000
00000000000000000000000000000000
00000110000010100001111101010000
00110011010101010000111100000000
00000011000001010011111100110000
00000110000000111000111101010000
00000110001001000001111100010000
00110110001001000000111100000000
00000111000001110101111101000000
00000101000101000010111100100000
00001001000010000101111101010000
00000010010101010000111100000000
00000010000101000010111100010000
00000110000000110101111100110000
00001000000000110100111101010000
00001000000001000011111101100000
00000110000001000010111101000000
00000100000001000000111100100000
00000101000001010011111100100000
00000100001101000000111100000000
00000011000000000100111100110000
00001001000000000110111110000000
00001000000000000011111101110000
00001010000000000010111110000000
00001010000000000010111110000000
00001000000000000010111101100000
00001010000000000100111110000000
00001001000000010001111101000000
00001000001001000010111100010000
00000110010001010001111100000000
00001000000101110100111100100000
00000111000110010100111100010000
00000110010110010001111100000000
10110110011000000000111100000000
00000000000000000000000000000000
00000000000000000000000000000000
00000011000010100000111101100000
00110010010101000000111100000000
00000100000000110001111101000000
00000100000001000110111101000000
00000000100000000000111100000010
00000110000001000101111100110000
00000011001000110010111100010000
00000100000000110100111101000000
00000000001000110010111100010000
00000011001000010001111100000000
00001000000001000000111100110000
00100000100000010000111100000101
00000000000000000110111100010010
00000010000000100100111101010000
00000010000000100010111100100000
00000011000000000001111100000000
00000110000000100011111100110000
00000010000000000101111100000011
00001001000000000100111101010000
00000000010100000000111100000110
00000000010100000011111100000011
00000000110100000000111100001101
00000000001100001000111100001000
00000100000000001001111100100000
00000000000000000101111100001001
00000111000000001001111110010000
00001001000000000100111101110000
00000011010000000000111100000000
00000011000100010011111100000000
00000011001001000011111100000000
00000101001101100011111100000000
01110000100100000000111100000010
00000000000000000000000000000000
00000000000000000000000000000000
00000010000110100000111101000000
00000011010001100001111100000000
00000001001100100000111100000000
00000101000000111000111101000000
01000100001100000001111100000000
00000110000000110011111101010000
00000101000000010100111101010000
00000101000000100100111101000000
00010011001100000001111100000000
00000011010100100000111100000000
00000010100101100000111100000001
00101111000001111111011110000000
00000011011100000011111100000000
00000000100000000000111100000000
00000101000000010110111100110000
00000101000000000111111100100000
00000010000000001000111101010000
00001111000000001010111111110000
00000000111100000000111100001111
01000100010100001000111100000111
01000110001000000110110100001000
10111101000000001010100100000111
10010100101100000000111100001010
00110000111000000100111100001111
01000011001000001100111100000011
00110000110000000000111100001111
00000000000000001101110000000100
00000110000000001000111001000000
00000101000000000011111100100000
00000100000000000100111100100000
00000110000001010011111100000000
10100011011000000000111100000001
00000000000000000000000000000000
00000000000000000000000000000000
00000011000001010000111100110000
00000101000000000101111100100000
00001001000000000011111110000000
00000011000000000100111100100000
00000100001000000011111100000000
00000000010000000000111100000010
00000100000000110111111101100000
00000000000100000011111100010000
00010011001100100000111100000000
00010100001100000000111100000100
10010110000000000010111011001000
00001111000000001111000011110000
00001010000000000000111110100000
10000010100000000000111100000111
00000111000000001000111110010000
00001111000000001101110111110000
00000000010100000000111100001010
00000000111100000000111100001111
11110100011100001000101100001111
10001111000000001111000000100100
01101011000000000100100000110100
00011011000001100111100101000000
10001001000000000110111100001001
11001111000000110110111100000000
10010000111100000000111100001111
11101101000000001111101000000111
01100001010000000000111100000110
00000010000000001000111100110001
00000110000000000110111101010000
00000011000100000101111100000000
00000000100000010000111100000000
01010001011000000000111100000000
00000000000000000000000000000000
00000000000000000000000000000000
00001000000010000000111101110000
00010000000000000101111100001011
00000111000000000011111110010000
00011100000000001001111110100000
00000101000100000000111100000001
00010100001100000001111100000000
00000011000000110100111100110000
00000100000101000011111100010000
00010000010100100000111100000001
00000110000001000010111100010000
00000000000000000000111100110110
00000000000000001100111110100000
00000000000000001010111101000000
01100010100100000000111100000101
00000000111100000000111100001101
00000000111100000000111100001111
00100000101100001111110100001111
11111000111100000000111100001111
11111100000000001010010100000111
00001000000000011101010101100101
00000000000000000100111100101000
00000000000000001001111110010010
00001010000001011000111111010000
00000000010101100000111100000110
11111101000000001010110001010100
00001100000010101000111100110000
10100000111100000000111100001111
00010000101100000011111100000110
00000110000000001101101101100000
00001010000000001101101001110000
00000101010100000000111100000000
01100100010000000000111100000000
00000000000000000000000000000000
00000000000000000000000000000000
00000000000000110000111100100111
00001001000001011111111101000000
00100000111100000000111100001111
00000000100100001111111100001101
00001010000000001111001001100000
00010111000000000011111100110000
00000010001000010000111100000000
00000101000001000011111101000000
00000111000000010011111100110000
00000011000000010000111100000000
00001010000000000101111101000000
00000000001000000000111100000000
00100000001000000010111100000100
00000110000000001111011100000100
00101011011100000010111100000101
11111001111100000000111100001111
11011111000001011111001000000010
11111000100000000000111100001011
01110010000100000000111100000110
00001101000000101111010011110000
00001010000000001011111110100000
00000000100000000000111100000000
00000000011001010000111100000000
10000011000000010110111101010111
00001100000001111111111011110000
00000000011100000000111100001001
10101111011001000101111100000000
11110000111100000000111100001111
00000000000100000110111100000011
00001000000000001111100010110000
00000011010000000001111100000000
01000000100000000000111100000000
00000000000000000000000000000000
00000000000000000000000000000000
00000010000001000101111101011010
00000011001010011011111100000000
11111000111100000000111100001111
11110100111100001110111100001111
00000101000000001111010100110001
00000011000000000110111101000000
00010000010000000000111100000000
00000001000000000100111101000000
00000110000000010010111101000000
00000000011000000011111100000110
00000101000100010100111100000000
10010000111100000000111100001100
11001000000000001001100100000110
00001100000001001111010010010000
00000101001100000001111100000000
11111010001000000000111100000100
00101101000010011101101001110000
01101010000001100010111100000011
10100000100000000000111100001110
00000110000000001111111111110000
00001111000000001111011111110000
00000011101000000000111100000000
01110000111100000000111100001000
00000111000001001101111110100000
00000000000000110110111101110010
00110011001000100001111100000011
00000000111101000000111100001001
11101010111100000110111100000101
11010000111100000000111100000111
00000110000000001111110010000000
00000111000000001011110000000000
01100001101100000000111100000000
00000000000000000000000000000000
00000000000000000000000000000000
00001111000011101111000011110000
00000000111101000000111100000110
11110101111100000000111100001111
11111111000000111111010000000000
00100110000000000110111100000010
00000000001000000010111100000000
00110000001000000001111100000001
00001000000000010000111100100000
00000000011100000000111100000100
00001111000010101111110000100000
00000000111100000000111100001111
11101000101000001000111100000000
10011011000000001111000010100110
00001001000000011101111011110000
00000000011000000000111100000010
01010000111000000000111100001000
00000000000001001001111100000111
00000010000000101010111101010010
00111010000100100000111100010000
00000000100100000000111100001101
00000000000000001111111110110001
00001101000000011100100111100000
11000101111000100000111100000101
00000000111101000000111100000110
00000000011100010101111100000100
00000101000010001100111100100000
10001001010001110000111100000001
01000111111010000100111100000100
11110000111100000000111100001111
00010000000000001001111100000011
00001110000000001111000110110000
10100001100100000000111100000100
00000000000000000000000000000000
00000000000000000000000000000000
00000010000000001111000011111001
00001111000000100000111101000000
11111011111100000000111100001111
00001111000000101111010111000000
00001000000000001001111101110000
01010011101100000000111100000000
00110001010100010011111100000111
00000100010000000000111100000100
11001111000000001111000011010110
00001111000000011111000011110000
11111111001000000101111100000000
11110101101100000000111100000000
00001010000000101111001111110000
00000000001000000000111100000010
00001000000001110100111100100000
11010000111100000000111100001111
00001010000001111000111101000000
00000000011101000100111100001000
00000000111000100000111100000000
11110110111100000000111100001000
00001000000000001111101000100010
00000000000000100100111110010000
00010110000001001100111000010010
01101100011000100000111100000000
10001000011110000000111100000000
00000000000101110111111100000101
00000110000001010110111101000000
00111110000010101001111100010000
11111011111100010000111100000111
11100000111100000000111100001100
00000000000000001111111000000000
10001001000000001000010000110000
00000000000000000000000000000000
00000000000000000000000000000000
00001010000001011111000111110011
00000000111100000000111100000111
11111111000000001111010011010000
00001000000000001100111111110000
00000000000100001000111100110000
01110000111100000000111100000010
00001011000001111101111100000000
11000000101000000000111100001111
00001111000000001111000011110000
00001010000000001111100011110000
00000110000000001001111110110000
11110000111100000000111100001001
00001010000001111111110011110000
00000000100000000000111100000011
00000000011100000000111100000000
01101111000011011111100110100000
00110000111100000000111100001111
00000110001110111111111100000000
10000000111100000000111100001000
11111010011000001000111100000111
00001111000000001111000011100000
00000000000000000000111101010000
00001101000001101111101011110000
00000000101100000000111100000010
10010001011000000000111100000110
00001111000011001111011111010000
00000000011000100000111100000111
00000010000010000110111100000000
00111000101001100101111100000100
11111000111100000000111100001011
10100000111100000101111100001011
00000011000000001110011100010000
00000000000000000000000000000000
00000000000000000000000000000000
00001100000010011111000011110000
11110000111100000000111100001011
00000101000000001111110110010100
00000100000000001111110011110010
00001010000000011100111111010000
11010000111100000000111100000100
00001100000011001110111100100000
11110000111100000000111100001111
00000000000000000000111100001111
00000000000000001111011111111001
00000000000000001001111110100000
11100110010100000000111100000000
00000100000000001001111111000000
00001101000000101111101010100000
01110000111100000000111100001000
00000000000010111010111100000000
11011011000001100001111100110001
00000010011111101010111100000101
11110001111100000000111100001111
11111111000000001111011100100110
00001111000000001111000011110000
01000000001000000000111100100110
00000011000001111111111111000000
10000000111100000000111100001100
10110001100100000011111100000111
00000000000001011011111101110001
00001011000000111011110110110000
00000011000101000000111100000000
00101010000010001000111100000000
11111011111000010000111100000110
11111001111100010110111100001000
01100000110000000000111100000011
00000000000000000000000000000000
00000000000000000000000000000000
00001010000010101111000011110001
11110000111100000000111100001111
01110100000000001111111100001011
00000011000000001111010011111000
00000010000000000100111111100000
11100101010000000000111100000000
00000100000000111000111100110000
00001110000000010100111100000000
11110000111100000000111100001111
00001001000000001111000011110010
00000000000000000000111101000000
01110000111100000000111100001111
00000100000000001110101010110010
00001111000001001111000011110000
01100011111100000000111100000000
00110000111000010000111100000000
00000111000001101100111110100000
00001111000011111111110010000000
11110100111100000000111100001111
10001111000000001111011010000010
00000011000000001111101111110000
00010000000000000000111100100000
00000000001000100110111100000000
11100100110100000000111100001000
10000111010100110111111100000011
00010000000000000011111100100110
00000011000010001001111110010000
00110000010100010000111100001000
00000101000010011001111100000000
10010111011000110000111100000001
00101100011010011010111100000000
11110000111100000000111100001001
00000000000000000000000000000000
00000000000000000000000000000000
00001011000011011111000011110000
11110000111100000000111100001111
11111110000000001111110001001001
00001111000000001111010111110000
00000000111100000000111100001110
00000010000000001011111100100000
00000110000000001100111110010000
00000101000000101000111100000000
11110000111100000000111100001111
00001100000000001111101010000000
00000000010000000000111100000000
11111111000100000100111100000100
00001000000000001000101011001000
00001111000000001111000011110000
10001100000000000000111110010000
11100101111000100000111100000100
00000000001000000100111100000111
00000100000011001111111101010000
11111010111100000000111100001111
00111111000000001111011101110010
00000100000000001111111011110000
00000010000000000000111100110000
00100000101101100000111100000111
01110000111100000000111100001010
00000011011010000110111100000000
00000000110100100000111100001001
00000000011100110010111100000011
00111010000001101010110001110000
00000110000010001000111100100000
01010100001100000000111100000010
00001101000010111010111100000000
11110110111100000000111100000111
00000000000000000000000000000000
00000000000000000000000000000000
00001101000011001111000011110000
11110000111100000000111100001111
01001111000000001111100011010100
00001001000001001111111011110000
11110000111100000000111100001111
00110010111000000000111100000000
00000000000000001111111001100000
00001001000000011110111100000000
11110000111100000000111100001111
00000000011100001111111100000111
10100001001100000000111100000011
00001111000001101111000011000000
00000000000000000010111100011101
00000000000000000111111101110000
00000000000000000101111100001101
01101011000000001111001111010000
00101111000000111001111111110000
00000000110101000000111100001001
11110001111100000000111100001111
00011101000000001111001110110110
00001000000000001111110011110000
00100000110100000000111100001110
00111111000000101111110110100000
10101111000001000100111110000000
01110110001000110000111100000011
10011111000010000111110000100000
11001000001100010000111100000100
00001000000001011001111110100000
00000110000000111110111110010000
00100100011100100000111100000000
00100000110101100000111100000101
11111000010100000011110000000000
00000000000000000000000000000000
00000000000000000000000000000000
00001100000010001111000011110000
11110000111100000000111100001100
00001010000000001111111111010010
00000000000000001111111111110000
11011010101000000010111100000111
11110000111100000000111100001000
00010110000000001111100101110000
00000110000000101001111100000000
11110011111100000000111100001111
01011111000000011011111100100000
11111000000000000000111100101111
00001111000000001111000011110000
00001111000000001111011011110000
00000000110100000000111100001111
00111001000000001011111110000000
00000000000000000011111101010111
00000000000000000100111100100101
00000111001001000110111100000000
11111001111100000000111100001001
00000001000000001111111100001010
00000000000000001111111111110000
10001010000000000101111110100000
00000000111100110000111100000110
00000000110101000011111100001001
00100000101100000000111100001010
00000010000001001100111101000001
00001001000000011010110110100000
00000000000000000101111110010011
00000110000001111010111111010000
01000000111100100000111100001000
10100110100001100110111100000000
01000110001000100001111100000000
00000000000000000000000000000000
00000000000000000000000000000000
00001010000001001111000011110001
11110000111100000000111100000110
00000110000000001101111101100110
00000110000000001111111111110000
00001101000000111111101010010000
11110000111100000000111100001111
00001111000001001111100011100000
00100000000000000111111100011000
01101111000100001000111100010000
00000000111100000000111100001111
00101100000000001111011011111011
00000000000000001111111111110110
00000000000000001001111110100011
10101010000000001000111101010000
00000001100100000000111100000010
00000000001100001000111100000110
00000010000000000000111100100000
00000110000011100101111100110000
11010001101100000000111100001111
00001111000000001111111111110000
00000111000000000000111111110000
00000110000000101001111111010000
01011010000000001000111101000101
00111111000000100100111101010000
11101001010100000000111100001000
00100010000000000110111100100111
00000111000000111011111011110000
00000000000100000000111100100100
00000000110001110000111100000001
11100110100000100010111100000100
00111111000010001101110001100000
01010000011000000000111100000000
00000000000000000000000000000000
00000000000000000000000000000000
00001101000000101111000011110000
11010000110000000000111100000110
00000101000000001000111101011000
00000010000000001111111111110100
00001000000010001111111011110000
11110000111100000000111100001111
00000000001000000110111100000100
00001110000000001111000011110000
00001001000001101000111100000000
11110000111100000000111100001111
00001001000000001111111100110000
00000000000000000000111100000001
01110000100000000000111100001111
00000000001000011000111100000000
01100000111100000000111100001000
00000111000001111111101100000000
00000000111100000000111100000010
00010110000010001001111101100000
10101111000001011111101011010000
00000000111100110000111100000000
00000000111100000000111100001111
00000000000000001111010011001000
00001111000000101111110011110000
00000000111100000000111100001111
00000000111000000010111100000011
00100000111100000000111100001011
00000000011000100001111100000100
00000101000010101001111100000000
10110100101100100000111100000101
01101101000001011100101101110000
00000011000001010110111100010000
10000000011100000000111100000001
00000000000000000000000000000000
00000000000000000000000000000000
00001101000000001111000011110000
10010010000100000000111100000010
00000101000000000010111101000101
00000000000000001000111111111000
00000010000001001111111111110000
11111100110000000000111100001001
11110000111000000000111100001011
00000101000000001111010011110000
00001010000000001101101011110000
11111111000001010000111101000000
00000000111100000000111100001110
00000000111100000000111100000011
10001111000000001111000001100000
00001001001100000000111100000000
11011011000100100000111100010011
00001111000011111111001011010000
10010000111100000000111100001111
00110001000000000110111100100010
00001111000010011111000011110000
00101100011100010000111100000000
11111111000100000100111100001010
00000101000000001011111100000000
00000000011000000000111100001010
01110110011000001001111100000011
01110000111100000000111100000110
00111010011001011101110100000000
01000100111000010000111100000000
00000111000001111100111100010000
00101011000000010101111101110000
00000110000001010100111101110000
00000000010000000000111100000000
01000010010100000000111100000000
00000000000000000000000000000000
00000000000000000000000000000000
00001010000000001111010011110000
00000001000000000000111101110100
00000001000000000000111100000100
00000100000000000110111111010011
00000001000000001111111111110000
00000111000000011010111100100000
11110000111100000000111100001111
00000100000001011111111101010000
00000000000100000110111100001111
00000100000000001111111111110000
00111111000011011111100111110000
11110000111100000000111100001111
00001111000010001111010111110000
01100000111100000000111100001101
01010101000000001011101001100111
00001111000010101111000011110000
11100111111100000000111100000111
10110000111100000000111100001111
00000100000000101111110111110000
01000110000000000101111011110110
00001111000000001111011011110000
00000100000000000000111100000000
10110000111100000000111100001101
00001011000100011101111100000000
11110111100000000000111100001100
00001111000001101111000010110000
10101010000000000000111100000000
00001101000000001001111110110000
00000011000000000001111110000000
00000000000000000000111100110000
00000011000000000000111100000000
00000011011100000000111100000000
00000000000000000000000000000000
00000000000000000000000000000000
00000000000000000000111101101000
00001001000000001111101011110000
00000011000000000000111100000000
00000010000000000010111101110100
00000010000000001111111111110011
00000010000000011010111101100000
11110110111100000000111100001001
01001000000000011011111100000010
00001111000011011111100011110000
00000000111100000000111100001111
00000000111101110100111100000001
11110101111100000000111100001111
00000000111101000101111100001010
11111010000100000110111000001010
00111111000000001111001111100010
00000000000000001111111111110000
00001001000000001001111100100000
11111001111100100000111100000100
00000000111100000001111100001011
00000000000000001000111100100000
00000000100100000001111100001111
00000000011000001000111100001010
10111000101000000011111100001000
01110000111100000000111100001111
11010100001000001011111100001010
00000000000000000110111100000111
00010001000000001011110101010100
00001000000000001111111011110000
00000110000000000101111101100000
00000001000000000000111100000100
00001000000000001010111100000000
10000101001000000000111100000011
00000000000000000000000000000000
00000000000000000000000000000000
00000001000000000000111100011111
00001111000000001111000011110000
00000000000100000000111100000000
00000011000000000010111101010001
00000101000000001111111111110000
00000000001001000010111100000000
11110000111100000000111100001111
11000101000000001111110100001011
00001111000000101111000011110000
11001111000001110011111110000000
11111001111100000000111100001011
01101111000001011111101101000000
11111111000000001000101110110001
01111111000000001111000011110110
00001111000000001111000011110000
00001001000000001101111111110001
00001011000000001010111111110000
01001111000000000111111011010000
10101111000000100101111101100000
00000000111100000000111100001011
10100000111100000000111100001111
10110101001000001001111100001111
01101111000000011111010100000111
11111111000000001010011000011001
10101111000000001010100000001000
11001000000000000011111100001111
01001010000000001100011110001111
00000000000000000110111100001111
00100000000000001111010100001111
11010011000000001001011100001111
01100000000000001100001100001111
11100000000000000111000000001111
00000000000000000000000000000000
00000000000000000000000000000000
01010100000000000000111100101111
00001111000000001111000011110000
00010100000000000000111110010011
00000010000000000000111101000001
00000010000000001111111111010000
00000001010001010000111100000000
11111001111100000000111100001111
10111111000000001111000110000100
00000001000000001111111111110010
00000100000000001111100111110110
11001111000000001101101111110000
00110100000000000000111110001101
00000000000000000111111111111111
00000011000000001101111111111110
00000000000000000110111111111111
00000000000000001011111111111111
00000000000000001000111111111111
00000000000000000000111100001111
00000000000000001100111100001111
11101110000000001000101000001110
11111111000000001010001000101010
11111111000000001000100100101110
01100111000000000110110101011111
00000101000000001101100010111111
00000100000000001000111101111111
00100011000000000011111100111111
00000001000000000110111100011111
01101000000000001011100101011111
01011100000000001110010001101111
01110101000000000101110000001111
01010111000000001010100000001111
11010010000000000001110100001101
00000000000000000000000000000000
00000000000000000000000000000000
00000010000000000000111100001111
00000000000000001111101111001111
00001011000000001111001011110010
00011001000000000011111111110111
00000000000000001111111011100101
00001111000000000000111101110000
11111111000100000000111100001010
00001111000000001111000011110000
00000010000000001111111111111111
00001100000000001111111111110000
00000000001100000000111100001111
00000000101000000010111100001111
00000000000000000101111100001111
00000000000000000101111100001111
00000000000000000111111100001111
00000000000000000101111100001111
00000000000000001101111100001111
01110011000000001011111100001111
01110010000000001000111100001111
00100010000000000111110101001111
00000000000000001001110001011111
00000011000000001011110010001111
00000010000000000101111101101111
00000000000000000101111101001111
00000000000000010100111100111111
00000011000001001001111101101111
00000000000000010011111100111111
00000000000001000111111101111111
00000000000000110111111101011111
00000000000000000111111101101111
00000101000001001000111101111000
10100000001100000000111100001010
00000000000000000000000000000000
00000000000000000000000000000000
00000110000000110000111100001111
00000000000000000100111100001111
00000000000000000111111100001111
00000100000000001111000111111111
00001100000000001111011011110000
00000000111100000000111100000111
00111010000000001010101101100101
00001100000000001111001011111100
00001001000000001111111111110000
00000000000000000000111100001001
11110000101100000000111100001111
11111101000000001100111100001111
10001101000000001010111100001111
10001111000000001001111100001111
01111110000000001000111100001111
10101110000000001000111100001111
01011010000000001000111100101111
00000100000000101000111101011111
00000010000000110101111100111111
00000000000000100100111100001111
00000000000000110110111101001111
00000000000001001000111101011111
00000000000000100101111100111111
00000011000001100101111101001110
00000000000001000010111100011111
00000100000001011011111110001101
00000100000001000110111101101101
00000010000000110101111101001111
00000010000000011000111101111111
00000011000001000010111101101011
00000000000010000000111100001111
10010000000000000100111100001001
00000000000000000000000000000000
00000000000000000000000000000000
00001111000010011001010110001111
00011110000000100100111100001111
10100010000000000000111100001111
00000000000000001100111110011111
00000100000000001111101011110000
11110001100000000000111100001101
00001111000000001111000011110110
00001011000000001111100111110101
00000000000000000111111110100000
01110000111100000000111100001111
11111110000000001111011100001110
01100100000000000110111100001111
00000010000000011010111101101111
00000100000000111000111110011100
00000000000000100100111101001111
00000000000000110101111100101111
00000000000000100101111100101111
00000000000001000101111100101111
00000000000000110100111100011111
00000101000001001000111101001110
00000100000001000101111101001111
00000010000001100100111101001110
00000010000001100010111100011111
00000000000001000101111100101111
00001010000000101110111111011100
00000101000000011000111110111110
00000011000000000111111110101111
00000111000000000110111110101101
00000100000001100001111101101110
00000000000001100000111100001111
00101001000000101101111110011110
01001111000000001111100111110000
00000000000000000000000000000000
00000000000000000000000000000000
00001000000001111000100010111111
00000100000000011000111100111111
00100111000000100001111100001111
00010001000000000000111100001111
00000000000000000011111100001111
11001111000000000110100111001100
00001111000000001111000011111110
00000101000000001111111111110000
00000000001000000000111100001001
11110100111100000000111100001111
00100011000000001111111100001111
00001000000001001100111111001001
00000001000001000101111101101111
00000000000000000001111100001111
00000001000000100111111100111110
00000101000001000111111101011101
00000101000001000101111101001100
00000100000001000100111100101110
00000100000000100101111100111110
00000101000001100110111101011101
00000001000000110101111100101111
00000100000000101001111101101111
00001011000001001010111011101101
00011010000000111000111111101111
00000000000000100110111110001111
00000000000000000101111101001111
00000000000000010101111101101111
00000000000000110000111100001111
00000000000001011010111101011111
00011010000000001111101011111111
00001100000000001111111111110110
00000000000000000010111110010010
00000000000000000000000000000000
00000000000000000000000000000000
00000100000001010101110101111111
00000010000000101000111101011111
00000011000000110110111100111111
00001000000001000101111100001111
10110100000000000000111100001111
00000000000000000100111101011111
00001111000000001111000011111000
00000010000000001111111111110100
10000000010100000000111100001101
11111111000000001111100100001111
00100111000000110111111100001110
00000000000000100001111100101111
00000100000001111101111110011010
00000010000000110000111100001110
00000000000000100011111100001111
00000000000001001000111101001101
00000001000000101000111101011111
00000110000000111000111110001101
00000101000001000101111101101111
00000001000000010100111101001111
00000111000001001010111110111110
00000000000000100001111101001111
00000000000000000100111101001111
00000000000000101110111111011111
00000001000000001000111110001111
00000011000000110010111101001111
00000000000001010000111100001111
01010101000000011101111100111111
00001110000000001111101111111111
00000100000000001101111111111111
00000000000000000000111100111111
00000000000000000000111100001011
00000000000000000000000000000000
00000000000000000000000000000000
00000010000001100100111100101111
00000000000000001000111100101111
00000101000001001000111110001111
00000001000000101000111101011111
00001011000000100101111100111111
10000000000000000000111100001111
00000000000000001111111111111111
00001110000000001111001111110000
11110000101000000000111100001111
00011001000000001111100100111110
00000111000000111001111110001101
00110101000000000010111101111111
00000101000001111001111111001010
00000110000001000101111101101110
00011000000001000110111100111011
00000000000000110000111100001110
00000000000001000010111100001111
00000000000001000100111100001111
00000000000000101000111100101111
00000010000000010111111101101111
00000000000001000101111101101111
00000011000001001000111101011111
00000011000000100110111101111111
00000000000000100110111110001111
00000000000000110010111100101111
00000000000001110001111100001111
01110110000000000101111100101111
00001111000001101111111011111101
00000000000000100001111110001111
00000000000000101000111100001111
00000000011000000000111100001111
10001000000000001111111001010000
00000000000000000000000000000000
00000000000000000000000000000000
00001111000010011110001111111111
00000010000000000000111100001111
00000000000000100010111100101111
00000011000001011100111101111111
00000000000000010100111100111111
00001011000001000110111100001111
00000000000000000000111100001111
00000000000000001111111101001011
11110010000000000101111100011111
00000000000000000101111100001111
00000000000000100100111100001111
00000000000000101011111101101111
00000000000000001000111110101111
00000100000000001010111111101111
00001000000001001001111111001010
00100110000000100000111100011111
00011001000001000110111100111100
00001010000001000111111101101010
00000111000001010100111101011010
00000000000001010010111100001111
00000000000000100111111100111111
00000010000000111001111101111101
00000000000000110101111101001111
00000000000000110000111100001111
00000000000001010000111100001111
00001001000001110100111101001110
00001010000001011011111110111111
00000000000000111010111101111111
00000001000000001011111110001111
00001110000010111000111110000010
11110000101000000000111100001111
00000011000000001100111100100000
00000000000000000000000000000000
00000000000000000000000000000000
00000011000001101010110110101111
00000010000000011000111100101111
00100000000000000000111100001111
00000100000001011111111110001101
00000010000000000101111101111111
00000010000001001010111100111111
00111110000000100110111100011111
01000000000000000000111100001111
00001000000000111111111101111100
00100001000100010010111100001111
01000100000000100110111100001111
00000010000001101011111101001111
00000000000000110000111100001111
00000000000000010110111100011111
00000000000000011010111101011111
00000011000000011011111110001111
00010011000000001000111101111111
00000011000000010111111101111111
00000100000000010101111101101111
00011100000000111100111111101101
00001010000000110111111111001011
00000000000000100000111100001111
00000000000001000111111100001111
00100100000001000001111100001111
01101001000001010110111101001101
00001010000000010111111111101111
00001101000000011111101011111101
00000101000000001010111111111111
00000010000000000100111110101111
00000000000000000000111100001111
10111111000001001111111100111011
10110000110100000000111100001100
00000000000000000000000000000000
00000000000000000000000000000000
00000000000000110000111100001111
00000000000001100101111100001001
00000000011000010000111100001111
00000000010001000000111100001101
00000000001100110001111100001110
00000000001001000001111100001011
00000000011001100000111100001100
00000000011100100000111100001101
00000000001110000010111100001001
00000000100001100000111100001101
00000000100101010000111100001101
00000000011110000011111100001010
00000000100101100000111100001101
00000000011010000010111100001010
00000000101101110000111100001111
00000000101101100000111100001111
00000000100100110010111100001111
00000000011000100010111100001101
00000000000000000011111100001101
00000000000000101000111101001001
00000000000000110001111100001010
00000000011000010000111100001110
00000000001101110011111100000111
00000000100000100000111100001111
00000000000000010111111100001010
00000000000000000110111101111111
00000000000000001101111111101011
00000000000000000011111100111010
00000000100000100000111100001111
00010000100100000000111100001111
00000000000010101010111100000100
11110000111100000000111100001110
00000000000000000000000000000000
00000000000000000000000000000000
00000000000000000000000000000000
00000000000000000000000000000000
00000000000000000000000000000000
00000000000000000000000000000000
00000000000000000000000000000000
00000000000000000000000000000000
00000000000000000000000000000000
00000000000000000000000000000000
00000000000000000000000000000000
00000000000000000000000000000000
00000000000000000000000000000000
00000000000000000000000000000000
00000000000000000000000000000000
00000000000000000000000000000000
00000000000000000000000000000000
00000000000000000000000000000000
00000000000000000000000000000000
00000000000000000000000000000000
00000000000000000000000000000000
00000000000000000000000000000000
00000000000000000000000000000000
00000000000000000000000000000000
00000000000000000000000000000000
00000000000000000000000000000000
00000000000000000000000000000000
00000000000000000000000000000000
00000000000000000000000000000000
00000000000000000000000000000000
00000000000000000000000000000000
00000000000000000000000000000000
00000000000000000000000000000000
00000000000000000000000000000000
00000000000000000000000000000000
