#
#
#
00000000000100011010110011111111
00010001000000000000000100010000
11111111000100011111000100010001
11010111101001010100010011101110
11110000000000000001000100010000
00010000000000010000000000000000
00000000000100011010110011111111
00010001000000000000000100010000
00100001001100100001001100100001
00000000000100011010110011111111
00010001000000000000000100010000
11111111000100011111000100010001
11010111101001010100010011101110
11110000000000000001000100010000
00010000000000010000000000000000
00000000000100011010110011111111
00010001000000000000000100010000
00100001001100100001001100100001
00000000000100011010110011111111
00010001000000000000000100010000
11111111000100011111000100010001
11010111101001010100010011101110
11110000000000000001000100010000
00010000000000010000000000000000
00000000000100011010110011111111
00010001000000000000000100010000
00100001001100100001001100100001
00000000000100011010110011111111
00010001000000000000000100010000
11111111000100011111000100010001
11010111101001010100010011101110
11110000000000000001000100010000
00010000000000010000000000000000
00000000000100011010110011111111
00010001000000000000000100010000
00100001001100100001001100100001
00000000000100011010110011111111
00010001000000000000000100010000
11111111000100011111000100010001
11010111101001010100010011101110
11110000000000000001000100010000
00010000000000010000000000000000
00000000000100011010110011111111
00010001000000000000000100010000
00100001001100100001001100100001
00000000000100011010110011111111
00010001000000000000000100010000
11111111000100011111000100010001
11010111101001010100010011101110
11110000000000000001000100010000
00010000000000010000000000000000
00000000000100011010110011111111
00010001000000000000000100010000
00100001001100100001001100100001
00000000000100011010110011111111
00010001000000000000000100010000
11111111000100011111000100010001
11010111101001010100010011101110
11110000000000000001000100010000
00010000000000010000000000000000
00000000000100011010110011111111
00010001000000000000000100010000
00100001001100100001001100100001
00000000000100011010110011111111
00010001000000000000000100010000
11111111000100011111000100010001
11010111101001010100010011101110
11110000000000000001000100010000
00010000000000010000000000000000
00000000000100011010110011111111
00010001000000000000000100010000
00100001001100100001001100100001
