#
#
#
0000000001001100000000001110000100000000000000000000000001101000000000000000000000000000000000000000000000000000 0000000000011111 
0000000011001100000000010011011000000000000000000000000001000101000000000000000000000000000000000000000000000000 0000000010000011 
0000000011110110000000010110001000000000000000000000000000101011000000000000000000000000000000000000000000000000 0000000001011100 
0000000011010111000000001011010000000000000000000000000000000000000000000000000000000000000100100000000000000000 0000000001010111 
0000000000000000000000001010110000000000000000000000000000000000000000000000000000000000000000000000000000000000 0000000011010011 
0000000000000000000000010011001100000000000000000000000000000000000000000000000000000000000000000000000000000000 0000000110000000 
0000000000000000000000011000011000000000000000000000000000000000000000000000000000000000000000000000000000000000 0000000011100111 
0000000000000000000000001111011000000000000000000000000000000000000000000000000000000000000011110000000000000000 0000000001010111 
0000000000000000000000000101001100000000000000000000000000000000000000000000000000000000000000000000000000000011 0000000001111100 
0000000000000000000000001001111000000000000000000000000000010111000000000000000000000000000000010000000000010101 0000000100011011 
0000000000000000000000001100010000000000000000000000000000000100000000000000000000000000000000000000000000000000 0000000010010101 
0000000000000000000000000100101000000000000000000000000000000000000000000000000000000000000000000000000000000000 0000000000000011 
0000000000000000000000000011110100000000000000000000000000000001000000000000000000000000000000000000000000000000 0000000001011101 
0000000000000000000000000110010000000000000000000000000000001101000000000000000000000000000000000000000000000000 0000000010111010 
0000000000000000000000000100011100000000000000000000000000000000000000000000000000000000000000000000000000000000 0000000001110111 
0000000000000000000000000000000000000000000000000000000000000000000000000000000000000000000000000000000000000000 0000000000100010 
