#####
#####
#####
00000000000000000000000000000000
00000000000000000000000000000000
00000000000000000000000000000000
00000000000000000000000000000000
00000000000000000000000000000000
00000000000000000000000000000000
00000000000000000000000000000000
00000000000000000000000000000000
00000000000000000000000000000000
00000000000000000000000000000000
00000000000000000000000000000000
00000000000000000000000000000000
00000000000000000000000000000000
00000000000000000000000000000000
00000000000000000000000000000000
00000000000000000000000000000000
00000000000000000000000000000000
00000000000000000000000000000000
00000000000000000000000000000000
00000000000000000000000000000000
00000000000000000000000000000000
00000000000000000000000000000000
00000000000000000000000000000000
00000000000000000000000000000000
00000000000000000000000000000000
00000000000000000000000000000000
00000000000000000000000000000000
00000000000000000000000000000000
00000000000000000000000000000000
00000000000000000000000000000000
00000000000000000000000000000000
00000000000000000000000000000000
00000000000000000000000000000000
00000000000000000000000000000000
00000000000000000000000000000000
00000000000000010000000001000001
00000000000000100000000010000100
00000000000001000000000010010100
00000011000010010000010010110011
00000000000001000000000001100111
00000000000000010000000001001010
00000000000001010000001010000110
00000000000000110001000001100111
00000000000000110000000001100111
00000000000000100000000001100110
00000000000000110000000010000100
00000001000001100000000010100011
00000000000000110000000001100111
00000000000001000000000010000111
00000000000001000000000010000110
00000001000001010000000010010100
00000001000001010000000010000100
00000000000000100001000001110110
00000000000000010010000001101001
00000000000001100000000010000111
00000000000001110000000001110111
00000000000001100000000001110110
00000000000001110000000010000101
00000000000001010000000001110110
00000000000001110000000001110110
00000000000000110000000000111001
00000000000000100000000000111001
00000000000000000000000000111000
00000000000000110000000101000111
00000000000000100000000000110111
00000000000001010111001000100100
00100000000000000111000000001101
00000000000000000000000000000000
00000000000000000000000000000000
00000000000001000000000001010000
00000000000000000010000001111000
00000001000000100000000011010011
00000110001001110000001011110000
00000100000001010000000011100001
00000001000001010000000011100100
00000011000001010000000011110011
00000000000001000000000011010100
00000101000101110000000111110001
00000000000000010000000010100111
00000000000000000000000010100101
00010100010100100010000011100000
00000010000000100000000011110000
00000010000001000000000011110010
00000000000001010000000011110011
00000000000000100000000011010101
00000000000000110000000011000110
00000000000000110000000010110111
00000000000101000000000011000010
00000000110001110000000011110000
00110001110101000000000011110000
00110000110100100000000011110000
00000000100100010000000011110000
00000000010000110000000011100000
00000010100010010000000011110000
00000000000010010000000011110000
00000000000010110000000011100001
00000000000000110000000010110100
00000001000000010000000011010100
00000001000000100000000011000100
00000000000101110011001011000000
10000000000000110011000001100110
00000000000000000000000000000000
00000000000000000000000000000000
01000000000001000000000001000000
00000000000000000011000001001001
00000000000000000100000010100111
00000001000001010000010011100011
00000000000000000000000001111000
00000000000000110000000010110101
00000000000001000000000011000100
00000001000001010000000011010100
00000000000000010000000010010111
00000000000001000000000010010101
00000010000000001001000010110010
00000000000000100011000001101000
00000000000000000000000010000100
00000000000000000010000010110011
00000000000000100000000010100101
00000000000001010000000011000100
00000000000001100000000011100001
00000000010111100000000011000000
01100001110110000110010111110000
10010000000100001010000001010000
10000000000100000111010100100000
01010000000000001001000000000011
01110000001100001001000000000000
01010000101000001000000010110000
00000000010100000001000001100000
00100001110100000000000011110000
00000110010101000000000011110000
00000000000001010000000010000010
00000000000000100000000001110110
00000001000000100000000010110101
00000000000010000101010011000000
01100000000000000011000000001100
00000000000000000000000000000000
00000000000000000000000000000000
01010000000000010011000000110000
00000000000000000000000001111000
00000000000000110000000010010111
00000001000101110000000111110001
00000000000001010000000011000011
00000011000000100001000011010011
00000000000001000000000011000011
00000011000001010000000011010010
00000010000001000001000011000011
00000000000000110101000010111000
00000000000000001010000001111111
00000000000111110000110111110000
00000000000011110000001011000000
00000000000000001010000001001001
00000000000000110000000011110000
00000000010011100000000011100000
00000000111110000000000011100000
11011000111101101011111011110000
11010000000000001111000000000111
00000000000000000000011001010101
10110000000000100000010010000010
10110001000010110000110011110000
10110000000000001011001000100011
01010000000000000110000000001101
10110000000100001111011100110000
01000000000000001111000000001111
00000000001000000000000001010011
00000000010001000000000011110000
00000000000001110000000011000000
00000000000000110000000010010100
00000000000001010100001011000000
01010000000001000000000000111000
00000000000000000000000000000000
00000000000000000000000000000000
01100000000000100101000000100000
00000000010000010000000011000001
00000000010110100000000011110000
00000000000010000000000011010001
00000000000001100000000010100010
00000000000000000001000010000110
00000011000001000000000111100001
00000001000000110000000010110011
00000001000000000010000010010100
00000000000000000100000010110010
10000000001000000100000010100100
01111111111111110000111111110000
10101111011011110000010011110000
00000000000000000100000000000000
10100000111100000001000011100000
11111001111101000100110011110000
10110000001100001111100000110000
10100000000000001111000000001111
00000000000000000000000000001110
00011011001001100000100111110000
01111001000001010000000011110000
10001001000001010000100011110000
10010010000010010000001111110000
11101010000110010010101011110000
10100000000000000111000000001001
01000000010010010000011110100000
11110000000000001111000001010010
00100000001000000100000010010000
00000000000100100000000011010000
00000000000010100000000010010011
00000000000000110111000001100010
00100000000000010000000000001010
00000000000000000000000000000000
00000000000000000000000000000000
10110000011001100101000001000000
01000000111100000100000001010000
11110000111100001110000011100000
00000001011100000000000011110000
00000000000001000000000010010011
00000000000000110000000001110110
00000000000000100000000010110101
00000000000001010000000010100100
00000000000000010001000001111000
00000000000000100001001010110010
00000000000000100111000001100101
00000000001000000000111110010001
01100010011000100000000001100000
00010000000001100100010100010000
11010000000000001111110000000100
11110000000000001111000000001111
01000000000000000000011000000111
11000000000000001001000000101001
01100000000000001001000011110100
00000000000000010000011011110100
00000000000001010000000011110001
00101000010000100000000111110000
01011110010001100011010111110000
00100000000000000010000001010100
00000011000111100000010011110000
11011011001001110011111111110000
10000000000000001111000000000100
10100000000000001111000000001011
00000000001000000000000011100001
00000101001111000000010111110000
00000000000010100010000010000000
01000000000000000001000000101001
00000000000000000000000000000000
00000000000000000000000000000000
10110000001010000100000001010000
10110000110001011111111100100000
11110000000000001111000000001111
01010000000000001000000000001111
00000110000000110000010011110000
00000011000001110000000011100000
00000000000000010000000010110100
00000001000000110000000011000010
00000010000001100000000010110000
00000000000000000001000001110110
00000000101001010000010011110000
01110000000000000111001110110000
01000000000000000110000000111011
00000010000001110000101111110000
10010000000010000010101110000000
11010000000000000101000000111101
00000010000001110000101111110011
00000000000000100111000010010110
10010000000000001111000001011101
00000111010110010000101011110000
00000111010011110000011111110000
00000000000000110010000010100000
00000000000000001100000000110110
00000000000001010000000011000000
00001111100011000000101111110000
01110000000000000000000010000000
10010101010101010111110010110000
11000000000000001111000000000111
01100000000000001100000000101010
00000010011001010000011111110000
00000000000011010000000110100000
00110000000000000001000000001010
00000000000000000000000000000000
00000000000000000000000000000000
00000000001111110000010011000000
11110000100100001101111101100000
11110000000000001111000000000101
00000000000000000011000000101111
00000001000000010000100111110101
00000010000000010000000011110000
00000000000000000001000001110110
00000000000000000000000010010011
00010011100100011001000011100000
00000000011000110110000001010000
11110000011100001111001110100000
00100000000000001111000000001010
00000000000000110000000010101111
00001011010111110000111011110000
00100001000010000000000011010000
01110000000000000100000010010000
01011010001100100000011011110000
00000110000101110000010111110000
00000000000000001011000000000111
10110101110100000110000011110000
00001111111111110000111111110000
00000110000011000000000010100000
00000000000000000111000000000111
00010111100100001000001011110000
00100110001000000101001011110000
00000001000001100000000010100000
00000000000000000111000000000100
01100000011000101111010101010000
11110000000000001111000000001000
00000000000000000000001111110000
00000000000011000000010111010000
00000000000000110000000000001001
00000000000000000000000000000000
00000000000000000000000000000000
00001101111111110000111111110000
10100000000000110110101100110000
11110000000000001111000000001111
00001111001111110000111111110000
00000001000010100000010011110000
00000000000000000010000000101001
00000000001000000001000010000101
00000000000000001111000111110001
00000000000000000000000001011111
00000101000011110000111111110000
00000000000000001000000000001111
00000000000000000101000001001111
00000110011111110000001111110000
01011111100111100000110011110000
00000001000001110000000010010000
00000000000000001101000000010110
00000000000000000011000001110101
00000000100000010000000010100000
00000000110001101111010111110000
01100000000000001111000000001111
00000000001100000000110011010101
00001111100011010000010111110000
00000000000010100110000001110000
00000000000000001001000000001101
00000000000000000101000000110111
00000111001100010000001011110000
00000100000001010000000011100000
00000000000000111000100001000000
10010000000000001111000000001011
11010000000100001111000001010111
00000111011101110000110011110000
00000000000001110000000000101001
00000000000000000000000000000000
00000000000000000000000000000000
00000111111111110000111111110000
11111111010110000011011011110000
00000000000000000010000000001111
00001111100111110000111111110000
01011110100011110000011111110000
00000000000000001000000000010010
00000000000000001001010110000011
11110000000000001111000000001111
00000011011011110000010011110000
01011111111111110000111111110000
00111111100111110000101011110000
01110000000000001111000000111011
00000111010101110000111111110000
00000000000001010000000011010000
00000101000000000010000010000000
00000000000000000000000000001001
00100100010100001000001011110000
00000000010100000111000001100000
01110000011100001111000000000000
00000000000000001111000000001111
00000011000000100000111111110100
00000111000000000000000011110001
00000000000111110000000011100000
00000000000101110000000011100000
00000000000000001010000010000101
00000000000000000000000110100110
00000110001100100000000011110000
01011011010101110000010111110000
10000000010101101111011101000000
11000000000000001111000000001111
00000000001000000000000010000100
00000111001110010000000011110000
00000000000000000000000000000000
00000000000000000000000000000000
00000011111111110000111111110000
11110000000000001111000000001010
00001001111011110000000011110000
01111111010111110000111111110000
00000110001011110000110110110000
00000000000000000000000000001011
00000000000001001011111111100000
01010000000000001111000000001111
11111111111110010000111111110000
10101111111111110000111111110000
00001111001011110000111111110000
00000000000000000000000000000111
00001101010101100000111111110000
00000000000011010000000010110000
00100000000000000100000000010111
00001110100010110000101011110000
00010000000000001100000000001010
00000000111101001001111111000000
11110000000000001111000000001000
00000000000000000000000000111111
00001101010011110000111111110000
01010000000110000000000011110000
00001101110011110000110011110000
01010000000000001000000001100000
00010000000000000110000000100101
00001110011010010000110111110000
00000000000000110000000011010011
00000011000000100000001011010000
01010000000000110011011101010000
10110000000000001111000000000010
01010000000000001110000000001111
00000100001000000000001111000011
00000000000000000000000000000000
00000000000000000000000000000000
00000101111111110000111111110000
11110000000000001111000000000100
10110011010100000001000111110000
00011011110111110000111011110000
00001111010111110000110111110000
00000000000000010000000000000110
00000100001001000000110011110000
00000000000011111111010001000000
11110000000000001111000000001111
00000100111110100000111111110000
00011111100011010000001011110000
01010001000000001111000001010000
00000100000000000000000011110001
00001101101011110000111111110000
00000000000000001000000000000111
00000000000000000111000001110111
00000000000010010000000011110000
00000000011101101100111101110000
11110000000000001111000000001111
00000000000000000000000011110111
00001111111111110000111111110000
01010010000111110000000011110000
00001011010100110000111111110000
00000000000000000101000000000100
00000000000000001000000000110110
00010000000000000000000010100010
00001011100111100000010111110000
01010110000000010010000011110000
00000110000000110000010111100000
01100000000000001001000000010010
00000000000000101001100001100010
01110000000000001110000000001111
00000000000000000000000000000000
00000000000000000000000000000000
00001000111111110000111111110000
11110000000000001111000000000111
00010000000000000000000011110101
00001011111111110000111111110000
11011011101101100000001111110000
00000000000000000000000001010000
00000000000000100000000010110001
00000000000011110111111101100000
11110000000000001111000000001111
01110101101011100000111111110000
00001110001000100001011011100000
00000000000000001111000000001111
00000001010100000000000111110011
00001111101011110000111111110000
00000000000011110000000001110000
00000000000000000110000000011011
00000101001100000000000011110000
00000101111111110001111111110000
11110000000000001111000000001111
00000100001000100000111111110000
00001111101011110000111111110000
00000110010011110000000011110000
00100000000000000110000001010000
00000000000000000100000000100000
00000010000100000111000010100000
01000000000100001011000010100000
00011001010000001000011011110000
00000000000000000010000001110011
00000101000000110000010011100000
00010001000000010000000010010001
00000000000001010011111110100000
00110000000000001100000000001111
00000000000000000000000000000000
00000000000000000000000000000000
00000110111111110000111111110000
11110000000000001111000000001111
00011000100010010000101011110000
00111111111111110000111111110000
11100000000000001000000000000010
00000000000000000100000000000100
00000000000000100000000011110000
00000000001111000000101010100000
11110000000000001111000000001011
11101000110101000000111111110000
00110000000000001000000000010110
00000000000000110000000010010100
10000000001100000100000011110000
10001111111111110000111111110000
10011111011011110000000011110000
00000000000001110000000010000000
00000000000000110000000010010101
01000010110100000101111111110000
11110000000000001111000000001100
00000111001100110000111111110000
00001111110111110000111111110000
01111011001101110000000111110000
00000000000000000000000001000011
00000000000000000000000000001101
00000000000000000110000101010110
00000000000000001000000000001100
00000000000000000110000000011111
00000101001101100000001011110000
00000101000010000000010011110000
00000000000000110000000010010011
00000111000100000101100011010000
00000000000000000010000001001011
00000000000000000000000000000000
00000000000000000000000000000000
00001101111111110000111111110000
11100000000000001111000000001110
01001100101001110000111111110000
10101111111111110000111111110000
10100000000001100011000000000000
10010000000000001111000000001010
00000000000000000000000011110100
00000100001010110000111111110000
01100000000000001111000000001111
00000000000000000000111111111100
00110000000000001101000000001111
00001101010111110000111111110000
00000000000011110000011011110000
10000000000100000000110110110000
00000000000000000000000000000001
00001001011111000000000011110000
00011111101011110000101111110000
00000000000000001000001100010001
00000000000000001111000000001111
00101011101000100000111111110000
00001111101111110000111111110000
00000000000000000000000000000001
01001100110000110000001011110000
10101111101101010101000011110000
01110010000000001001000010110000
00000101001101010000001011110000
00000000000001010000000011100011
00000011000001010000001111110001
00000111010111110000100011110000
00000101000001001000000011010000
00000000000000000111000000001110
00000010000000010000000010000111
00000000000000000000000000000000
00000000000000000000000000000000
00001101111111110000111111110000
10100000000000001100000000010001
01011000011100000000110111110000
01001111101011110000111111110000
00010000010011110000101101010000
11110000000000001111000000001111
00000000000000000000100111110000
00000100000101000000010011010000
00000000000000000000000000000101
11011010111100001101101011110000
00000000000000000100000011111001
10111111111111110000111111110000
11111111111111110000111111110000
01000000000000110000000000100000
00000101010000010000010111110000
00000000000000000111000010010000
00000000000100000000000001100000
00000010001001100000000001110000
00110000000000001111000001101001
00000000000000000000110011111011
00000101100011110000111011110000
00001000100011110000010011110000
00000000000000000111000000010111
00000000000000000000000100001101
00000000000000001010000000001110
00000000000000000001000010000011
00000111011010100000000111110000
00000101011010000000000011110000
00001110011101000010100111110000
00000000000000001001000000001011
00000000000001100000000001110111
00000010000000000011000110100111
00000000000000000000000000000000
00000000000000000000000000000000
00001101111111110000111111110000
10100000000000001000000001000000
10000000001100000001001011110000
01001111101111110000101011110000
00011111111111110000111111110000
11110000000000001111000000001011
10111111011000000000111111110000
00000000000010110000000010100001
00000000010111111000110001110000
10110000000000001111000000001111
00000000111001110000101111110000
01001111110010110000111111110000
01010000001000000000010100010000
00000100010110100000000001000000
01010011000000001111000000010011
00000000001000000010000010000000
01000000000100001000000011000000
00000000000000000011000001100001
00000000000000001001000000001111
01101001111110000000111111110000
11111110111100001111000011110000
00000011010000100000000111110000
00000010010111110000000011110000
10001100111111000000001011110000
00100000001100001010000010110000
00010000010000000110000010100000
00001000011000000010011011110000
00000000000000100001010010000000
00000000000000001010000000001100
00000000000000000000000000111011
00000111001111000001101011110000
01010000000000000101000001011010
00000000000000000000000000000000
00000000000000000000000000000000
00001111111111110000111111110000
01110001000010010000000011010000
01100000000100000100000011110000
01111011101110110000100011110000
00011111110011110000111111110000
00100000000001011101000000000000
11110000000000001111000000011111
00001111110111110000111111110000
00001010000011110000110111010000
00000000000000100110000000001101
10000000110000000000110011110000
10000000001100001011000011110000
00000000000000000000000000101111
00000000000000000011001000001001
00000000000000001110000000001111
00000001010101110000101011110000
10110000000000001111000001100101
00100000000000000001000011010000
00000010011011110000110111110000
00110000000000001111111100000111
00010000000000001111000000001111
00000011111000000000011111110000
01111111111111110000111111110000
00000000000000001001000000000011
00000000000100001101000000000001
00000000000000001001000000001001
01000000000000001110000000001010
00000010000000000000010110110100
00000000000000000010000001001011
00000100000001100000001011110011
00000000000001001000010111100000
00010000000000110000000000111010
00000000000000000000000000000000
00000000000000000000000000000000
00001100111011010000111111110000
00001001001111110000000011110000
00100010000000000100000011110000
00110011011001000000010011110000
00011111100111110000111111110000
00000000010011100000010101000000
11110000000000001111000000001101
01111100101000000000111111110000
11111111110111100000010011110000
00001010000011110000010111110000
00000000000000110001101000001101
11110000000000001111000000001111
00000110101010110000110011110000
01111001000100001011000011100000
00000000000000000110000010010110
00001110100011110000111111110000
10000000000000001111000000000110
11110000000000001111000001101010
00001111011111110000111111110000
00000000000011100000000010100000
00000000000011110000000111110000
01100000001001100011111111110000
10010000000100001001000000001000
00000000011000110000010110000000
10010000000000001111000000001111
00000000000001100000100010110111
00000000000000001011000000001111
00000000000001000000010111111000
00000011000111010000000011110000
00000001000000110000000011110011
00000000000001100000000010000100
00000000000000110000000101001001
00000000000000000000000000000000
00000000000000000000000000000000
00111010111100110000111111110000
00001000011111110000000011110000
00000100000000000001000011010000
00100101011001000000001011110000
00001110011111110000101111110000
00000100010111010000101110110000
01110000000000001111000000001001
00100000000000000110110011110000
00000000000000000010000000001000
11110111111100000100000011110000
11011111111111111110111111110000
11010000000000001111000000001111
00111111111100000001111111110000
00110000000000001111000000001101
00000000000000000000000010101011
00001111111111110000111111110000
00110000000011110110000010000000
01000000000000001111000000001111
00010111111000000000100011110000
00111001111110010000000011110000
11111111111111110000110111110000
11110000110100111001010011110000
01110000000100001011000000000000
11110000100100001111000011000000
01010000000000001100000001000001
00011111111001010000101011110000
00000000000000110100000011110000
00000000011010100000000011110000
00000000100010110000000011110000
00000000011100100000000011100000
00000000010101100000000011110000
00000000000000100000000001100111
00000000000000000000000000000000
00000000000000000000000000000000
11110000011100001010000111110000
00001001111111110000110011110000
00000101000000010000000011100000
00000000001000000010000011110000
00001010110011110000100011110000
00100101111110000000010111110000
11110000000000001111000001000000
01100001000000000010000011110100
00001111100011110000111111110000
00000000000001011100000000001111
01000000000000001111000000001111
00000000000000001101000000011101
00000000000000001010000000001111
00000000000001100000000001101111
00000110011111110000111111110000
00001001001111110000111111110000
00000001000011110000011011110000
00000000000011110000000001100000
00000000000000000111000000001100
00010000101100001111010100100000
11110000000000001111000000000000
11010000000000001000000000000000
01000000000000001111011001010000
01000000000000001111000000001111
00000000000000000110000010100000
10000000000000001101000000110011
00000000100100010000000010100000
10010010111101000000000011110000
01100000111101100000000011110000
10010000100100000100000000110000
01100000111100000000000011000000
00100000000000000000000001000000
00000000000000000000000000000000
00000000000000000000000000000000
11110000000000001111000001000101
00001111111111110000111111110000
00000010000011110000000011110000
00000000000000000000000011010000
00001100110011110000111111110000
00100000010000011101110101010000
11010000000000001111000000001111
00000000000000000000000011111101
01111111111111110000111111110000
00001111101011110000111111110000
00000000000010000000000000001010
01010000010000000000000111110000
11010010101111000000000011110000
11001111111111110000101011110000
11111111111111110000111111110000
10111111111111110000110011110000
11101111111111110000010111110000
11111111111111110000000011110000
11011010110111110000111111110000
11110000000000001111001100000000
10100000000000000010000000100111
10100000000000000001000011000010
10100100000000000000000011110000
10101000000111000000000011110000
11111001001101100000100111110000
11110000000000010000000011110000
11110100000100000000111011110000
11110000000000000000100111000000
11110000000000000000111110010000
11110000000000000111100110000000
11110000000000001000101100100000
11100000000000000000000000001000
00000000000000000000000000000000
00000000000000000000000000000000
11110000010100001111000001100000
11111111111111110000111111110000
00001100100011110000000111110000
00000000000010100000000011100000
00001010010011110000111111110000
00000000000000010000010101010000
00000000000000001111000000001111
00001001101111110000111111110000
01011010111111110000100011110000
10101111111111110000100111110000
11111111111111110000111111110000
11110000010100001100000011110000
10100000110000000000000011110000
11111000111100000000110111110000
11110000111000000000010011100000
11110011111100000000100011110000
11111001101000000000110011110000
11110000000000000110000000000000
11000000000000000110001001100000
11110010000000000000000011110000
11111101001001010000000111110000
10111000000101000000000111110000
10000100000000000000000011110000
11001001011100000000001011110000
11111100011100000000010111110000
11111000000100000010001011110000
11110111000000000010010111110000
11111001000100000000011011110000
11111100000000000000111011110000
11110011000000000001010111110000
11110011000000100000111011110000
11110001000000000001000001010000
00000000000000000000000000000000
00000000000000000000000000000000
11110000001000001111000001100000
11110000111100000000101111110000
11111111111110000000011111110000
00101001100111100000000011110000
00000110110011110000011111110000
01101111101000100010000011110000
00000000000000001101000010110011
00001111111111110000111111110000
00000010111111110000110111110000
11111100111111110000111111110000
11110000000000001011011000000000
11110000000000000000000000000000
11100000000000001101001100110000
11100000000000001001011000110000
11000000000000001010010101100000
11010000000000001101000001000000
11000000000000000011001010010000
11000010000100000011000011110000
10100011000000000111000011110000
11010110000100001000000011110000
11000111000100000011000011110000
10011010010100000000000111110000
10101010011000000100000111110000
10010110001000000110000011110000
10000110001000000110000011110000
00101000000100000001000011110000
00110101001000000011000011110000
01100111001100000110000011110000
01000101001000000010000011110000
01100111011000000001000011110000
11011100100100001001011011110000
01100011000000000100000000100000
00000000000000000000000000000000
00000000000000000000000000000000
11110000010000011001111111100000
11110000000000001110010111110000
11110000000000001011000000000000
11101100111100100000100011110000
00001111111111110000111111110000
00110000000000001111000000001100
00000000010000000000000011000000
00001111111111110000111111110000
11111111111111110000111111110000
11110000011100001000111111110000
11110000000000000000000001000000
11110110000000000000000011110000
01110110000000000011000011110000
01110110001000100000000111110000
10010111001000000001000011110000
10010111001100000011000011110000
10101011010000000000001011110000
10001010010000000010000111110000
01101000010000001000000111110000
01100011000000000111000011110000
01100100001100000011000011110000
01101000010000000100000011110000
10000111001100000110000011110000
01111001001100000111000011110000
00100100000000000000000011110000
00101011010000000000000111110000
00111001010000010000000011110000
01010110010000000000000011110000
10001001100100000000000011110000
11001101010100001010000011110000
00110011000000000110000011110000
00000000000001100000000000010011
00000000000000000000000000000000
00000000000000000000000000000000
11110001100000010000101111110000
11110101100000000001010111110000
11110000000000001111000011100000
11110000010000001000000011000000
11001111111100010000111111110000
00000000000000000101000000000110
00000101110011110000110111110000
00001111111111110000111111110000
11111000111111110011111111110000
11110000000000001000000000000000
11111000000100000000001011110000
10011000000100000010000011110000
01011000011000000000000011110000
10101101011100000011000111110000
01010111001000000010000011110000
00110110001100000010000011110000
00110110001100000001000011110000
01001000001100000100000011110000
01000011000100000101000011110000
01011000010100000011000011110000
10001001010000000100000011110000
01001000001000000000000011110000
00010110000100000000000011110000
00110100000100000000000011110000
10001111110000110000001011110000
11011111101000000000000011110000
10011100111000000000000011110000
11111111111000000101000011110000
10111110010100000111001011110000
00010000000000000000000011110000
00000111011111000000000011110000
01001111011011110000011111110000
00000000000000000000000000000000
00000000000000000000000000000000
11110001100100000000101111110000
11111010100100000000000011110000
10000100001100001000000011110000
11010000000000001111001011010000
11110000000000001110000000110000
10110000110100000000000011110000
00001111111111110000111111110000
00001111111111110000111111110000
11110000000000000000011100000000
11110000000000000000000010100000
11110101000100000010000011110000
11001101100100000011000111110000
00101011010000000000001011110000
01100100001000000111000011110000
10001000011000000110000011110000
01101010010100000100000011110000
01001000010000000001000011110000
01000111010000000000000011110000
01001000010100000000000011110000
01101000010000000011000011110000
01000111010000000000000011110000
11001100101000000000000011110000
11111111110100000000000011110000
10001111100100110000001011110000
01101011011000000000010011110000
10000011100000000100000011110000
11111001100100001111010111110000
11100000000000001111000011110000
00000100000000000000000011110000
01111100111111010000000011110000
11111111111111110000101111110000
10101100001000010000000010010000
00000000000000000000000000000000
00000000000000000000000000000000
11110000100100000001101111110000
11111001100100000000000011110000
10001001010100000000000011110000
10111000011000000110011011110000
10010000000000001111000011110000
11110000000000001111000010000000
11111111111111110000111111110000
00001111111111110000111111110000
11110000000000000000000000000000
11110111000000000000000011110000
01110110001000110000010011110000
01100000000000000010000011110000
00001100100000110000011111110000
00110110000100000011000011110000
00010000000000000011000011110000
01100110011000000101000011110000
10101010100000000110000011110000
10111101100100000101000011110000
10011110011100000100000011110000
01100111010000000000000011110000
01101110100000000000010111110000
01110110000100000110000011110000
01110101001100000001000011110000
10011100101000000000001011110000
10111110101100000001000111110000
10101011010100001011001011110000
11000001000000001111000011000000
00110011001000000000000011110000
11111111111110010000100011110000
11111111111101010110110111110000
11110100101000001111001011100000
00000000000000000000000000000100
00000000000000000000000000000000
00000000000000000000000000000000
11110000011000100000101011110000
11110110101100000000000011110000
11001100011100000100000011110000
10001000010000000000000011110000
10001100011100000011100111110000
11100000000000001111000010000000
11110000110100000000000011110000
10011111111111110000111111110000
11100000000000000000000000000000
11111011011100000000001011110000
11111111110100000100000011110000
10101001100000000000000011110000
01111111100000000000011111110000
00111000010100100000000011110000
00011010011001100000001111110000
01000011000000000100000011110000
00000001000000000100000011110000
00000000000000000011000011100000
01010101010100000011000011110000
10001101011100000111000011110000
10001100010000000111000011110000
01101011011100000000000011110000
10011100100100000000000111110000
10111011100000001000000011110000
01110111001100001000000011110000
00111001000000000110000011110000
00100101000000000000000011110000
01111111111101110000111011110000
10111000000000000100010011110000
01100000001100001000110110000000
11110000000000001111000000000000
00001111000101000000001011110000
00000000000000000000000000000000
00000000000000000000000000000000
11110111111110010000111111110000
11111000100100000000000011110000
10110101010000001000000011110000
01011011100100000000001011110000
10101010001000000000000011110000
01100111010000000110101111110000
11110000000000001111000010100000
11110011000000000000111111110000
00010110001000000000000011000000
11010100000000001111001011100000
10100000000100001101000010110000
01110101100100000110000011110000
11111110111000000110000111110000
11111111111100000010000011110000
10101111100100000000001111110000
01000111010000000000000011110000
00111000011000100000000011110000
01011101100000110000000111110000
01001001001000000001000011110000
00000101000000000000000011110000
00000100001000000000000011110000
01111011011100000100000011110000
10001000011000000111000011110000
01110100001000001000000011110000
00100010000000000100000011110000
00101010001000000000000011110000
00001111011110000000010011110000
01001011010100000000001011110000
10111010111001010000000011110000
11111111110100000101100111110000
10000000001000001100000010100000
10111011000000000001000111000000
00000000000000000000000000000000
00000000000000000000000000000000
11110001100000000001110111110000
11111011110000000000000111110000
10100110010000001110000011110000
10011111101100001000001111110000
10101101011000000111000011110000
10011111011000000101000011110000
11001100100000001110010111110000
11000001000000001110000011110000
01101110100000001000010111110000
10110111010000001111000011100000
10110111010000001111000011110000
01111011011000001111011011110000
10100100000100001111000011100000
10000000001100001111000010110000
11100111101100001111000011110000
11111111111000001111000011110000
11101111110000001111000011110000
10101111011100001010000011110000
10001110100100000010000011110000
01111111110100100000001011110000
10001111110000100000010011110000
10011010010000001010000011110000
01011001011000000110000011110000
10111011011100001110000011110000
01101101011000000111000011110000
01101111100100000000000011110000
01101111111111000000101111110000
10111111111111010000010111110000
11111111111100001010011011110000
11110100000100001111000010010000
01011100110100011111110111110000
11110000000000001111000000001001
00000000000000000000000000000000
00000000000000000000000000000000
10100000000000000000001101010000
00101101010000100000011111110000
00000111000000000110000011100000
00001000000000000100001011110000
00001000000100000001000111110000
00001010000000000001000111110000
00001000000000000010001111010000
00000101000000000001000011100000
00000111000000000011010111010000
00000011000000000010000010010001
00000011000000000010000010110100
00000111000000000001010011010000
00000100000000000001000011000010
00000110000000000100011011110000
00000001000000001010010010010010
00000000000000001010000001001000
00000000000000000111000001100100
00000011000000000101000010110000
00001000001100000100000111110000
00001110010100000000011011110000
00001011001000000001001111110000
00000101000000000001000010110000
00001011001100000010010011110000
00000000000000000111000010010001
00001000010100000001001011110000
00101100100100000011001011110000
01001111110100100000110111110000
00001111011100010100101011110000
00000110000000000110001001000000
00000100000000000001000010100001
00001101001000000100110111110000
00000000000000000000000000101011
00000000000000000000000000000000
00000000000000000000000000000000
00000000000000000000000000000000
00000000000000000000000000000000
00000000000000000000000000000000
00000000000000000000000000000000
00000000000000000000000000000000
00000000000000000000000000000000
00000000000000000000000000000000
00000000000000000000000000000000
00000000000000000000000000000000
00000000000000000000000000000000
00000000000000000000000000000000
00000000000000000000000000000000
00000000000000000000000000000000
00000000000000000000000000000000
00000000000000000000000000000000
00000000000000000000000000000000
00000000000000000000000000000000
00000000000000000000000000000000
00000000000000000000000000000000
00000000000000000000000000000000
00000000000000000000000000000000
00000000000000000000000000000000
00000000000000000000000000000000
00000000000000000000000000000000
00000000000000000000000000000000
00000000000000000000000000000000
00000000000000000000000000000000
00000000000000000000000000000000
00000000000000000000000000000000
00000000000000000000000000000000
00000000000000000000000000000000
00000000000000000000000000000000
00000000000000000000000000000000
