#####
#####
#####
01110000000000000000000000000000
01110000000000000000000000000000
01110000000000000000000000000000
00000000000000000000000000000000
01110000000000000000000000000000
01110000000000000000000000000000
01110000000000000000000000000000
01110000000000000000000000000000
01110000000000000000000000000000
01110000000000000000000000000000
01110000000000000000000000000000
01110000000000000000000000000000
01110000000000000000000000000000
01110000000000000000000000000000
01110000000000000000000000000000
01110000000000000000000000000000
01110000000000000000000000000000
01110000000000000000000000000000
01110000000000000000000000000000
01110000000000000000000000000000
01110000000000000000000000000000
01110000000000000000000000000000
01110000000000000000000000000000
01110000000000000000000000000000
01110000000000000000000000000000
01110000000000000000000000000000
01110000000000000000000000000000
01110000000000000000000000000000
01110000000000000000000000000000
01110000000000000000000000000000
01110000000000000000000000000000
01110000000000000000000000000000
01110000000000000000000000000000
00000000000000000000000000000000
00000000000000000000000000000000
00000000000000000000000000000000
00000000000000000000000000000000
00000000000000000000000000000000
00000000000000000000000000000000
00000000000000000000000000000000
00000000000000000000000000000000
00000000000000000000000000000000
00000000000000000000000000000000
00000000000000000000000000000000
00000000000000000000000000000000
00000000000000000000000000000000
00000000000000000000000000000000
00000000000000000000000000000000
00000000000000000000000000000000
00000000000000000000000000000000
00000000000000000000000000000000
00000000000000000000000000000000
00000000000000000000000000000000
00000000000000000000000000000000
00000000000000000000000000000111
00000000000000000000000000000000
00000000000000000000000000000111
00000000000000000000000000000000
00000000000000000000000000000000
00000000000000000000000000000000
00000000000000000000000000000000
00000000000000000000000000000000
00000000000000000000000000000000
01110000000000000000000000000000
01110000000000000000000000000000
00000000000000000000000000000000
01110000000000000000000000000000
00000000000000000000000000000000
00000000000000000000000000000000
00000000000000000000000000000000
00000000000000000000000000000000
00000000000000000000000000000000
00000000000000000000000000000000
00000000000000000000000000000000
01110000000000000000000000000000
00000000000000000000000000000000
00000000000000000000000000000000
00000000000000000000000000000000
00000000000000000000000000000000
00000000000000000000000000000000
00000000000000000000000000000000
00000000000000000000000000000000
00000000000000000000000000000111
00000000000000000000000000000000
00000000000000000111000000000000
01110000000000000111000000000000
00000000000000000111000000000000
00000000000000000111000000000000
00000000000000000111000000000000
00000000000000000111000000000111
00000000000000000000000000000111
00000000000000000000000000000000
00000000000000000000000000000000
00000000000000000000000000000000
00000000000000000000000000000000
01110000000000000000000000000000
01110000000000000000000000000000
00000000000000000000000000000000
00000000000000000000000000000000
00000000000000000000000000000000
00000000000000000000000000000000
00000000000000000000000000000000
00000000000000000000000000000000
00000000000000000000000000000000
00000000000000000000000000000000
00000000000000000000000000000000
01110000000000000111000000000000
00000000000000000000000000000000
00000000000000000000000000000000
01110000000000000000000000000000
00000000000000000000000000000000
00000000000000000000000000000000
00000000000000000000000000000000
00000000000000000000000000000111
01110000000000000111000000000000
00000000000000000111000000000000
00000000000000000000000000000000
00000000000000000000000000000000
01110000000000000000000000000000
01110000000000000000000000000000
01110000000000000111000000000000
01110000000000000111000000000000
00000000000000000111000000000000
00000000000000000000000000000000
00000000000000000000000000000000
00000000000000000000000000000000
00000000000000000000000000000000
01110000000000000000000000000000
00000000000000000000000000000000
00000000000000000000000000000000
00000000000000000000000000000000
00000000000000000000000000000000
00000000000000000000000000000000
00000000000000000000000000000000
00000000000000000000000000000000
00000000000000000000000000000000
00000000000000000000000000000000
00000000000000000000000000000000
00000000000000000000000000000000
00000111000000000000000000001110
00000000000000000000000000000111
00000000000000000000000000000000
00000000000000000000000000000000
00000000000000000000000000000111
00000000011100000111000000000111
01110000011100000111000000000000
00000000000000000111000000000000
00000000000000000000000000000000
00000000000000000000000000000000
00000000000000000000000000000111
00000000000000000000000000000000
00000000000000000000000000000111
01110000000000000000000000000000
00000000000000000000000000000000
01110000000000000000000000000000
00000000000000000111000000000000
00000000000000000111000000000000
00000000000000000000000000000000
00000000000000000000000000000000
01110000000000000000000000000000
00000000000000000000000000000000
00000000000000000000000000000000
00000000000000000111000000000111
00000000000000000111000000000111
00000000000000000000000000000000
00000000000000000000000000000000
00000000000000000000000000000000
00000000000000000000000000000000
00000000000000000000000000000000
00000000000000000000000000000000
00000000000000000000000000000000
01110111000000000000011100000000
00000000011100000000000000000111
00000000000000000000000000000000
01110000011100000000000000000000
01110000011100000111000000000000
01110000000000000111000000000000
00000000000000000000000000000000
00000000000000000111000000000000
00000000000000000000000000000000
00000000000000000000000000000000
00000000000000000000000000000000
00000000000000000000000000000111
01110000000000000000000000000000
00000000000000000000000000000000
00000000000000000000000000000111
01110000000000000000000000000000
01110000000000000111000000000000
00000000000000000111000000000000
00000000000000000000000000000111
00000000000000000000000000000000
00000000000000000000000000000000
01110000000000000000000000000000
00000000000000000000000000000111
01110000011100000111000000000000
01110000000000000111000000000000
00000000000000000000000000000000
00000000000000000000000000000000
00000000000000000000000000000000
00000000000000000000000000000000
00000000000000000000000000000000
00000000000000000000000000000000
00000000000000000000000000000000
01110000000000000000000000000000
01110000000000000111000000000000
00000000000000000000000000000000
00000000000000000000000000000000
01110000000000000000000001110000
00000000000000000000000000000000
00000000000000000000000000000000
01110000000000000000000000000000
00000111000000000000000000000000
00000000000000000000000000000111
01110000000000000000000000000000
01110000000000000000000000000000
00000000000000000000000000000000
00000000000000000000000000000111
01110000000000000000000000000000
00000000000000000000000000000111
01110000000000000000000000000000
01110000000000000111000000000000
00000000000000000000000000000111
00000000000000000000000000000000
01110000000000000000000000000000
00000000000000000000000000000000
00000000000000000000000000000111
01110000000000000000000001110000
01110000000000000111000000000000
00000000000000000000000000000000
00000000000000000000000000000000
00000000000000000000000000000000
00000000000000000000000000000000
00000000000000000000000000000000
00000000000000000000000000000000
01110000000000000000000000000000
01110000000000000111000000000000
00000000000000000000000000000000
00000000000000000000000000000111
00000000000000000000000000000111
00000000000000000000000000000000
00000000000000000000000000000111
00000000000000000000000000000111
01110000000000000000000000000000
00000111000000000000000000000000
00000000000000000000000000000111
00000000000000000000000000000111
01110000000000000000000000000000
00000000000000000000000000000000
01110000000000000000000000000111
00000000000000000000000000000111
01110000000000000000000000000000
00000000000000000000000000000000
01110000000000000000000000000000
00000000000000000111000000000000
00000000000000000000000000000000
01110000000000000000000000000000
00000000000000000000000000000111
01110000000000000000000000000111
01110000000000000000000001110000
00000111000000000000000000000000
00000000000000000000000000000000
01110000000000000000000000000000
00000000000000000000000000000000
01110000000000000111000000000000
01110000000000000111000000000000
00000000000000000000000000000111
01110000000000000000000000000000
01110000000000000000000000000000
00000000000000000000000000000000
00000000000000000000000000000111
00000000000000000000000000000111
01110000000000000000000000000000
01110000000000000000000000000000
00000000000000000000000000000000
00000000000000000000000000000111
01110000000000000111000000000000
00000000000000000000000000000000
00000000000000000000000000000111
00000000000000000000000000000000
01110000000000000000000000000000
01110000000000000000000000000000
00000000000000000000000000000000
00000000000000000000000000000000
00000000000000000000000000000000
01110000000000000000000000000000
01110000000000000111000000000000
00000000000000000111000000000111
00000000000000000000000000000000
00000111000000000000000000000111
00000000000000000000000000000111
00000000000000000000000001110000
00000111000000000000000000000111
00000000000000000000000000000111
01110000000000000000000000000000
00000000000000000000000000000000
01110000000000000111000000000000
00000111000000000111000000000000
00000111000000000000000000000111
00000000000000000000000000000111
01110000000000000000000000000000
00000111000000000000000000000111
01110000000000000000000000000000
00000000000000000000000000000111
00000000000000000000000000000000
00000000000000000000000000000000
00000000000000000000000000000000
01110000000000000000000000000000
01110000000000000111000000000000
00000111000000000000000000000000
01110000000000000000000000000000
00000000000000000000000000000111
00000000000000000000000000000111
01110000000000000000000000000000
00000000000000000000000000000000
00000000000000000000000000000000
00000000000000000000000000000111
00000000000000000000000001110111
01110000000000000111000000000000
00000000000000000111000000000000
00000000000000000111000000000000
00000111000001110000000000000111
01110000000000000000000000000000
00000000000000000000000000000000
00000111000000000000000000000111
00000000000000000000000000000111
01110000000000000000000000000000
00000000000000000000000000000111
01110000000000000000000000000000
00000111000000000111011100000111
00000111000000000000011100000111
00000000000000000000000000000111
01110000000000000000000000000000
00000111000000000000000000000111
00000000000000000000000000000000
01110000000000000000000000000000
00000000000000000000000000000111
01110000000000000000000000000000
00000000000000000000000000000111
01110000000000000111000001110000
00000000000000000111000000000000
00000111000000000000000000000111
01110000000000000000000000000000
00000000000000000000000000000111
01110000000000000000000000000111
00000000000000000000000000000000
00000000000000000000000000000111
00000000000000000000000000000000
01110000000000000000000000000111
00000000000000000000000001110111
01110000000000000000000001110000
01110000000000000111000000000000
01110000000000000111000000000000
00000111000001110000000000001110
01110000000000000000000000000000
00000111000000000000000000000000
00000111000000000000000000000111
00000000000000000000000000000111
01110000000000000000000000000000
00000000000000000000000000000111
00000000000000000000000000000000
11100111000000000111011100000000
00000111000001110000011100000111
00000000000000000000000000000111
00000000000000000000000000000000
00000111000000000000000000000000
00000000000000000000000000000111
01110000000000000000000000000000
01110000000000000000000000000000
00000000000000000000000000000000
00000000000000000000000000000111
01110000000000000111000001110000
00000111000000000111000000000000
00000111000000000000000000000111
00000000000000000000000000000000
00000000000000000000000000000111
01110000000000000000000000000000
00000000000000000000000000000000
00000000000000000000000000000000
00000000000000000000000000000111
00000000000000000000000000000000
00000000000000000000000000000111
00000000000000000000000001110000
00000000000000000000000000000000
01110000000000000111000000000000
00000111000001110000000000001110
01110000000000000000000000000000
01110111000000000000000000000000
00000111000000000000000000000111
00000000000000000000000000000111
00000000000000000000000000000000
00000000000000000000000000000111
00000000000000000000000000000111
01110000000000000111000000000000
00000111000001110000011100000111
01110000000000000000000000000111
01110000000000000000000000000000
00000111000000000000000000000000
00000111000000000000000000000111
00000000000000000000000000000111
01110000000000000000000000000000
00000000000000000000000000000000
00000000000000000000000000000111
01110000000000000000000001110000
00000111000000000000000000000000
00000111000001110000000000000111
00000000000000000000000000000111
01110000000000000000000000000111
00000000000000000000000000000000
00000000000000000000000000000000
00000000000000000000000000000000
00000000000000000000000000000111
00000000000000000000000000000000
00000000000000000000000000000000
00000000000000000000000000000000
00000000000000000000000000000111
01110000000000000000000000000000
00000111000001110000000000001110
01110000000000000000000001110000
00000111000000000000000000000000
00000111000001110000000000000111
01110000000000000000000000000000
00000000000000000111000000000000
00000000000000000000000000000111
00000000000000000000000000000111
01110000011100000000000000000000
00000111000000000000000000000111
01110000000000000111000000000000
00000000000000000000000000000000
00000111000000000000000000000000
00000111000000000000000000000111
00000000000000000000000000000111
00000000000000000000000000000000
00000000000000000000000000000000
00000000000000000000000000000111
01110000000000000000000001110000
00000111000000000000000000000000
00000111000000000000000000000111
01110000000000000000000000000111
01110000000000000000000000000000
01110000000000000000000000000000
01110000000000000000000000000000
01110000000000000000000000000000
01110000000000000000000000000000
00000000000000000000000000000000
00000000000000000000000000000000
00000000000000000000000000000000
00000000000000000000000000000111
01110000000000000000000000000000
00000111000001110000000000001110
01110000000000000000000001110000
00000111000000000000000000000000
00000000000000000000000000001110
01110000000000000000000000000000
01110000000000000111000000000000
00000000000000000111000000000000
00000000000000000000000000000111
01110000000000000000000000000000
01110000000000000000000000000000
01110000000000000111000000000000
00000111000000000000000000000000
00000000000000000000000000000000
01110000000000000000000000000000
01110000000000000000000000000000
00000000000000000000000000000111
00000000000000000000000000000111
01110000000000000000000000000111
01110000000000000000000000000000
00000111000000000000000000000000
00000000000000000000000000000111
01110000000000000000000000000000
00000000000000000000000000000111
00000000000000000000000000000111
00000000000000000000000000000000
00000000000000000000000000000000
00000000000000000000000000000000
00000000000000000000000000000000
00000000000000000000000000000111
01110000000000000000000000000111
01110000000000000000000000000000
00000000000000000000000000000000
00000111000001110000000000000111
01110000000000000000000000000000
00000111000000000000000000000000
00000000000000000000000000000111
00000000000000000000000000000111
01110000000000000000000000000000
00000000000000000111000000000000
00000000000000000000000000000111
00000000000000000000000000000000
00000000000000000000000000000000
00000111000000000000000000000000
00000111000000000000000000000111
00000111000000000000000000001110
01110000000000000000000000000000
00000000000000000000000000000111
00000000000000000000000000000000
01110000000000000000000000000000
00000000000000000000000000000111
01110000000000000000000000000000
01110111000000000000000000000000
00000000000000000000000000000111
00000000000000000000000000000111
01110000000000000000000000000000
01110000000000000000000000000000
01110000000000000000000000000000
00000000000000000000000000000000
00000000000000000000000000000000
00000000000000000000000000000000
00000000000000000000000000000111
01110000000000000000000000000000
00000000000000000000000000000000
00000000000000000000000000000000
00000111000001110000000000000111
01110000000000000000000000000000
00000111000000000000000000000000
00000000000000000000000000000111
00000000000000000000000000000111
01110000000000000000000000000000
00000000000000000111000000000111
00000000000000000000000000000000
00000000000000000000000000000111
01110000000000000000000000000000
00000111000000000000000000000000
01110111000001110000011100000111
01110000000001110000011100000111
00000000000000000000000000000111
01110000000000000000000000000000
00000000000000000000000000000000
01110000000000000000000000000000
01110000000000000000000000000111
00000000000000000000000000000000
00000111000000000000000000000111
01110000000000000000000000000111
00000000000000000000000000000111
00000000000000000000000000000111
00000000000000000000000000000111
00000000000000000000000000000000
00000000000000000000000000000000
00000000000000000000000000000111
01110000000000000000000000000000
01110000000000000000000000000000
00000000000000000000000000000000
00000000000000000000000000000000
01110000000000000000000000000000
00000111000001110000000000000111
00000000000000000000000000000000
01110000000000000000000000000000
00000000000000000000000000000000
00000000000000000000000000000111
01110000000000000000000001110000
01110000000000000111000000000000
00000000000000000000000000000111
00000000000000000000000000000111
01110000000000000000000000000000
01110000000000000000000000000000
01110000000000000111000000000000
01110000000000000000000000000000
01110000000000000000000000000000
01110000000000000000000000000000
00000000000000000000000000000000
01110000000000000000000000000000
01110000000000000000000000000000
00000000000000000000000000000111
01110000000000000000000000000111
11100000011100000111000000000000
00000000000000000000000000000000
00000000000000000000000000000111
01110000000000000000000000000000
01110000000000000000000000000000
01110000000000000000000000000000
01110000000000000000000000000000
00000000000000000000000000000000
01110000000000000000000000000000
00000000000000000000000000000000
00000000000000000000000000000000
00000000000000000000000000000000
00000111000001110000000000000111
00000000000000000000000000000000
00000000000000000000000000000000
00000000000000000000000000000000
00000000000000000000000000000111
00000000000000000000000000000111
01110000000000000000000000000000
00000111000000000000000000000000
00000000000000000000000000000111
00000000000000000000000000000111
01110000000000000000000000000000
01110000000000000111000000000000
00000000000000000000000000000111
01110000000000000000000000000000
00000000000000000000000000000000
00000000000000000000000000000111
01110000000000000000000000000000
01110000000000000000000000000000
00000000000000000000000000000111
00000000000000000000000000000000
00000000000000000000000000000000
01110000000000000000000000000111
01110000000000000000000000000000
00000000000000000000000000000111
01110000000000000000000000000000
00000000000000000000000000000000
01110000000000000000000000000000
00000000000000000000000000000000
00000000000000000000000000000000
00000000000000000000000000000000
00000000000000000000000000000000
00000000000000000000000000000000
00000111000001110000000000000111
00000000000000000000000000000000
01110000000000000000000000000000
00000000000000000000000000000000
00000000000000000000000000000111
00000000000000000000000000000111
01110000000000000000000000000000
01110000000000000111000000000000
00000000000000000000000000000000
00000000000000000000000000000000
00000000000000000000000000001110
01110000000000000000000000000000
00000111000000000000000000000111
01110000000000000111000000000000
00000000000000000000000000000000
00000000000000000000000000000111
00000000000000000000000000000111
01110000000000000000000000000000
00000000000000000000000000000000
00000000000000000000000000000111
00000000000000000000000000000111
00000000000000000000000000000111
01110000000000000000000000000000
00000000000000000000000000000000
00000000000000000000000000000000
00000000000000000000000000000111
00000000000000000000000000000000
00000000000000000000000000000000
00000000000000000000000000000000
00000000000000000000000000000000
00000000000000000000000000000000
00000000000000000000000000000000
01110111000000000111000000000000
00000000000000000000000000000111
00000000000000000000000000000000
01110000000000000000000000000000
00000000000000000000000000000111
00000000000000000000000000000111
01110000000000000000000000000000
01110111000000000111000000000000
00000000000000000000000000000111
11100000000000000000000000000000
01110000000000000000000000000000
01110000000000000000000001110000
01110000000000000111000000000000
00000000000000000111000000000000
00000111000000000000000000000000
00000000000000000000000000000111
00000000000000000000000000000111
00000000000000000000000001110000
01110000000000000000000000000000
01110000011100000000000000000000
01110000011100000111000000000000
01110000000000000111000000000000
00000000000000000000000001110000
01110000000000000111000001110000
00000000000000000000000000000000
01110000000000000111000000000000
00000000000000000111000000000000
00000000000000000111000000000111
00000000000000000111000000000111
00000000000000000111000000000000
00000000000000000111000000000111
00000000000000000111000000000000
01110000000000000111000000000000
00000111000001110000000000000111
01110000000000000000000000000000
00000000000000000000000000000000
00000000000000000000000000000111
01110000000000000000000000000111
01110000000000000111000001110000
00000111000000000111000000000000
00000111000000000000000000000111
00000000000000000000000000001110
01110000000000000000000000000000
00000000000000000000000000000000
00000000000000000000000000000000
00000111000000000000000000000111
00000111000001110000000000000111
00000000000000000000000000000111
00000000000000000000000000000111
00000000000000000000000000000111
00000000000000000000000000000111
01110000000000000000000000000000
01110000000000000000000000000000
01110000000000000000000000000000
00000000000000000000000000000000
00000000000000000000000000000000
00000000000000000000000000000000
00000000000000000000000000000000
00000000000000000111000000000000
01110000000000000111000000000000
00000000000000000111000000000000
00000000000000000111000000000000
01110000000000000111000000000000
01110000000000000111000000000000
01110000000000000111000000000000
00000111000001110111011100000111
00000000000000000000000000000111
00000000000000000000000000000000
00000000000000000000000000000111
01110000000000000000000000000111
01110000000000000000000001110000
00000111000000000000000000000000
00000111000001110000000000000000
00000000000000000000000000000111
00000000000000000000000000001110
00000000000001110000000000000111
00000000000001110000011100000000
00000000000001110000011100000111
01110000000001110000011100000000
00000000011101110000011100000111
00000000011101110000000000000111
01110000000001110000000000000000
00000000000000000000000000000000
00000000000000000000000000000000
00000000000000000000000000000000
00000000000000000000000000000000
00000000000001110000000000000000
00000000000001110000000000000000
00000000000001110000000000000000
00000000000001110000000000000000
01110000000001110000000000000000
00000000000001110000000000000000
00000000000001110000000000000111
01110000000001110000000000000000
00000000000001110000000000000000
01110000000000000000000000000000
01110000011101110000000000000000
01110111000001110111011100000000
00000000000001110111011100000111
00000000000000000000000000000111
00000000000000000000000000000111
00000000000000000000000000000111
00000000000000000000000000000000
00000111000001110000000000000000
00000111000001110000011100000000
00000000011101110000011100001110
01110000011101110000011100000111
01110000011101110000000000000000
01110000000001110000000000000000
01110000000001110000000000000000
01110000000001110000000000000000
01110000000001110000000000000000
01110000000001110000000000000000
00000000000001110000000000000000
00000000000001110000000000000000
00000000000001110000000000000000
00000000000001110000000000000000
00000000000001110000000000000000
00000000000001110000000000000000
01110000000001110000000000000000
01110000000001110000000000000000
00000000000001110000000000000000
01110000000001110000000000000000
01110000000001110000000000000000
01110000000001110000000000000000
00000000000001110000000000000000
01110000000001110000000000000000
01110000000001110000000000000000
01110000000001110000000000000000
01110000000001110000000000000000
01110000000001110111000000000000
00000000000001110111011100000000
00000000000001110000000000000111
01110000000000000111000000000000
00000111000000000000000000000000
00000111000001110000011100000000
00000000000001110000011100001110
01110000011101110000011100000111
01110000011100000000000000000000
00000000000001110000000000000000
00000000000001110000000000000000
00000000000001110000000000000000
00000000000001110000000000000000
00000000000001110000000000000000
00000000000001110000000000000000
00000000000001110000000000000000
01110000000001110000000000000000
01110000000001110000000000000000
01110000000001110000000000000000
01110000000001110000000000000000
01110000000001110000000000000000
01110000000001110000000000000000
01110000000001110000000000000000
00000000000001110000000000000000
00000000000001110000000000000000
01110000000001110000000000000000
00000000000001110000000000000000
01110000000001110000000000000000
01110000000001110000000000000000
01110000000000000000000000000000
00000000000001110000000000000000
01110000000001110000000000000000
01110000000001110000000000000000
01110000000001110111000000000000
00000000000001110111000000000111
01110000000000000111000000000000
00000111000000000000000000000000
00000111000001110000011100000111
01110000011101110000000000001110
01110000011100000000000000000000
00000000000001110000000000000000
00000000000001110000000000000000
00000000000001110000000000000000
00000000000001110000000000000000
01110000000001110000000000000000
01110000000001110000000000000000
01110000000001110000000000000000
01110000000001110000000000000000
01110000000001110000000000000000
00000000000001110000000000000000
01110000000001110000000000000000
01110000000001110000000000000000
01110000000001110000000000000000
01110000000001110000000000000000
00000000000001110000000000000000
00000000000001110000000000000000
00000000000001110000000000000000
00000000000001110000000000000000
01110000000001110000000000000000
01110000000001110000000000000000
00000000000001110000000000000000
00000000000001110000000000000111
00000000000001110000000000000000
01110000000001110000000000000000
01110000000001110000000000000000
01110000000001110000000000000000
01110000000001110111000000000000
00000000000000000111000000000000
00000111000001110000011100000000
00000111000001110000000000001110
01110000011100000000000000000111
01110000000000000000000001110000
01110000000001110000000000000000
00000000000001110000000000000000
00000000000001110000000000000000
01110000000001110000000000000000
01110000000001110000000000000000
00000000000001110000000000000000
00000000000001110000000000000000
00000000000001110000000000000000
00000000000001110000000000000000
00000000000001110000000000000000
00000000000001110000000000000000
00000000000001110000000000000000
00000000000001110000000000000000
00000000000001110000000000000000
01110000000001110000000000000000
01110000000001110000000000000000
01110000000001110000000000000000
01110000000001110000000000000000
00000000000001110000000000000000
00000000000001110000000000000000
00000000000001110000000000000111
01110000000001110000000000000111
00000000000001110000000000000000
01110000000001110000000000000000
01110000000001110000000000000000
01110000000001110000000000000000
01110000000001110000000000000000
01110000000001110111011100000000
00000111000001110111011100000111
00000000000001110000000000001110
01110000011100000000000000000000
00000000000001110000000000000000
00000000000001110000000000000000
01110000000001110000000000000000
00000000000001110000000000000000
01110000000001110000000000000000
01110000000001110000000000000000
01110000000001110000000000000000
00000000000001110000000000000000
00000000000001110000000000000000
00000000000001110000000000000000
00000000000001110000000000000000
00000000000001110000000000000000
01110000000001110000000000000000
01110000000001110000000000000000
01110000000001110000000000000000
01110000000001110000000000000000
01110000000001110000000000000000
01110000000001110000000000000000
00000000000001110000000000000000
00000000000001110000000000000111
00000000000001110000000000000111
01110000000001110000000000000000
01110000000001110000000000000000
00000000000001110000000000000000
01110000000001110000000000000000
01110000000001110000000000000000
01110000000001110000000000000000
00000000000001110000000000000000
01110000000001110000000000000000
01110111000001110111011100000000
00000000000001110000011100001110
01110000011100000000000000000000
00000000000001110000000000000000
00000000000001110000000000000000
00000000000001110000000000000000
00000000000001110000000000000111
00000000000001110000000000000000
00000000000001110000000000000000
01110000000001110000000000000000
01110000000001110000000000000000
01110000000001110000000000000000
01110000000001110000000000000000
00000000000001110000000000000000
01110000000001110000000000000000
00000000000001110000000000000000
01110000000001110000000000000000
01110000000001110000000000000000
01110000000001110000000000000000
01110000000001110000000000000000
00000000000001110000000000000000
00000000000001110000000000000111
01110000000001110000000000000000
01110000000001110000000000000000
01110000000001110000000000000000
00000000000001110000000000000000
00000000000001110000000000000111
01110000000001110000000000000000
01110000000001110000000000000000
00000000000001110000000000000000
01110000000001110000000000000000
00000000000001110000000000000000
01110000000001110000000000000000
01110000000001110000000000000111
00000000000001110000000000000000
01110000000001110000000000000000
01110000000001110000000000000000
00000000000001110000000000000000
00000000000001110000000000000000
00000000000001110000000000000000
00000000000001110000000000000111
00000000000001110000000000000000
00000000000001110000000000000000
00000000000001110000000000000000
01110000000001110000000000000000
01110000000001110000000000000000
01110000000001110000000000000000
01110000000001110000000000000000
01110000000001110000000000000000
01110000000001110000000000000000
01110000000001110000000000000000
00000000000001110000000000000000
00000000000001110000000000000000
01110000000001110000000000000000
00000000000001110000000000000111
01110000000001110000000000000111
01110000000001110000000000000000
01110000000001110000000000000000
01110000000001110000000000000000
00000000000001110000000000000111
01110000000001110000000000000000
00000000000001110000000000000000
00000000000001110000000000000000
00000000000001110000000000000000
00000000000001110000000000000000
01110000000001110000000000000000
00000000000001110000000000000000
01110000000001110000000000000000
01110000000001110000000000000000
01110000000001110000000000000000
01110000000001110000000000000000
01110000000001110000000000000000
01110000000001110000000000000000
00000000000001110000000000000000
00000000000001110000000000000000
00000000000001110000000000000000
00000000000001110000000000000000
00000000000001110000000000000000
00000000000001110000000000000111
01110000000001110000000000000000
01110000000001110000000000000000
01110000000001110000000000000000
00000000000001110000000000000000
00000000000001110000000000000000
00000000000001110000000000000111
00000000000001110000000000000111
01110000000001110000000000000111
01110000000001110000000000000000
00000000000001110000000000000111
01110000000001110000000000000000
01110000000001110000000000000000
01110000000001110000000000000000
01110000000001110000000001110000
01110000000001110000000000000000
01110000000001110000000000000000
01110000000001110000000000000000
01110000000001110000000000000000
01110000000001110000000001110000
01110000000001110000000001110000
01110000000000000000000001110000
01110000000000000000000001110000
01110000000001110000000001110000
01110000000000000000000001110000
01110000000001110000000001110000
01110000000001110000000001110000
01110000000001110000000001110000
01110000000001110000000000000000
01110000000001110000000000000000
01110000000001110000000000000000
01110000000001110000000000000000
01110000000001110000000000000000
01110000000001110000000000000000
01110000000001110000000000000000
01110000000001110000000000000000
01110000000001110000000000000000
01110000000001110000000000000000
01110000000001110000000000000111
01110000000001110000000000000111
01110000000001110000000000000000
01110000000001110000000001110000
01110000000001110000000001110000
01110000000000000000000001110000
