#####
#####
#####
11110011010001011110111100001110
00111111000000010010000100111110
11111111000011110000001000000000
11101110111000001100000111110010
00000011000100000010111100011110
00000001001000010010111111100000
11111010001011110000111000011111
00000000001011110000000000001111
00100011001101111111111100011100
00011010111111110000111011110001
11110000101111100010000111010010
11110000000100111011000100011111
00001110111100000010111011100000
11111111111110110111110111010001
01001110010111000110111011110001
00110001001011111110111000111100
11111111111100001101001000001100
00101111000100001101000000011101
11011101110011111110111110110011
00011110111111111110111100001111
11101101000011111110111111110001
11011111000011111111000100010000
00001110001100001110000100000000
11001111111100011111111100111111
00000010011000011110010011111011
01011110001011100010110111111110
00011111001011111111000000101111
00010110010001001100001001001011
11111101000000000000111111100001
00010001000100110011001111110000
00001100000000100100001011111101
11110000111100100001001111110011
01010011010100010001001011011110
00100100010100100001010000011010
00110010001011110000111000001101
00010110010001101011011001001011
00110110011101100011011010110001
00001001100110110011101010010110
00011001110011100101111010100101
00101001100110100001100110110110
00011111000011101101000011100000
01010000110111000011110111000001
00000110011001011010000101111011
00011100111111001110110111110000
00100010001000111111001011000010
11010010001111111111010000101111
01000000000111110000010011110001
11110010011000001101001001001100
00011101110111011111001000001110
00101110000011110010111100011111
11111111000000000000000100010001
00000000111111110001001011110000
00100000000111100000000100001110
11110010111100101111000100000001
00011111000011101111000000000001
11110001001111100001000000001111
00101110111100000000000111101110
01000100000011100010001100001101
00101101110111110010000011010011
00000000111111101110000100001110
00100010111100110010010110010110
00000000000100010000000000100000
11110011111100001111000100101110
00000010000100000000111000101110
00010001111111101110000100000000
00100001111100000010101000011101
00000100000100011111001000101110
11101110111111100000110111011110
00010001000100101011010010100100
00010000000111110000000100010001
00110010111011101111001011010000
00001111111111110011000100101111
